		   	  19e-9
 	  	   	  20e-9
 	  	  	   8.1e-9
 	  	  	  14e-9
 	  	   	  12e-9
 	  	  	  20e-9
 	 	   	  28e-9
 	  	   	  40e-9
 		   	  22e-9
 	 	   	  32e-9
	 	  	  18e-9
		   	  23e-9
		   	  46e-9
		   	  84e-9
		   	  72e-9
	 	  	 120e-9
	 	   	  90e-9
	 	  	  41e-9
		  	  71e-9
		 	 150e-9
		 	 260e-9
		 	 650e-9
		 	1300e-9
		  	 980e-9
			2100e-9
			2200e-9
			1300e-9
		 	2100e-9
			1200e-9
		  	 590e-9
		  	 620e-9
		 	 180e-9
		  	  76e-9
		  	  98e-9
		   	  85e-9
	  		  82e-9
150e-9
69e-9
55e-9
44e-9
22e-9
25e-9
52e-9
34e-9
39e-9
33e-9
12e-9
12e-9
14e-9
12e-9
22e-9
