		   16e-9
 	  	   13e-9	 
 	  	   30e-9	 
 	  	   16e-9	  
 	  	   25e-9	 
 	  	   19e-9	  
 	 	   27e-9	  
 	  	   28e-9	 
 		   26e-9	  
 	 	   33e-9	 
	 	   30e-9	 
		   64e-9	 
		   42e-9	  
		   68e-9	 
		   58e-9	  
	 	  110e-9	 
	 	   82e-9	
	 	  130e-9	  
		  130e-9	  
		  160e-9	 
		  300e-9	
		  230e-9	 
		  940e-9	
		  680e-9	 
		14000e-9	
		32000e-9	
		13000e-9	
		  710e-9	
		 1200e-9	
		  220e-9	
		  320e-9	 
		  160e-9	 
		  140e-9	  
		  130e-9	 
		   78e-9	  
	  	  110e-9	  
	     	   52e-9	 
	  	   72e-9	 
	 	   34e-9	 
	 	   58e-9	 
	  	   29e-9	  
		   46e-9	  
		   30e-9	  
		   25e-9	 
	  	   32e-9	 
	  	   21e-9	  
	  	   27e-9	  
	  	   14e-9	 
	  	   26e-9	  
	  	   12e-9	
	  	   20e-9	 
