 	  18e-9
 	  22e-9	   
 	  24e-9	   
 	  22e-9	   
 	  18e-9	   
 	  13e-9	   
 	  10e-9	  
 	  13e-9	  
 	  21e-9	   
 	  34e-9	  
	  49e-9	   
	  60e-9	  
	  64e-9	   
	  59e-9	   
	  49e-9	  
	  41e-9	  
	  47e-9	   
	  82e-9	  
	 150e-9	  
	 270e-9	 
	 420e-9	 
	 590e-9	 
	 780e-9	  
	 940e-9	 
	1100e-9	
	1200e-9	
	1100e-9	
	1000e-9	  
	 870e-9	 
	 680e-9	  
	 500e-9	  
	 330e-9	  
	 200e-9	  
	 110e-9	  
	  58e-9	   
	  40e-9	  
	  44e-9	   
	  54e-9	  
	  64e-9	   
	  66e-9	  
	  58e-9	   
	  45e-9	   
	  31e-9	   
	  21e-9	   
	  16e-9	   
	  17e-9	   
	  22e-9	   
	  26e-9	   
	  29e-9	   
	  29e-9	   
	  24e-9	   
