#	Temperatur 1 (째C)	Temperatur 5 (째C)	Temperatur 2 (째C)	Temperatur 6 (째C)	Zeit (s)
1	27.40	27.77	28.64	28.51	0.0000
2	27.45	27.83	28.74	28.68	2.0000
3	27.48	27.89	29.01	29.03	4.0000
4	27.53	28.02	29.38	29.46	6.0000
5	27.59	28.17	29.80	29.94	8.0000
6	27.67	28.37	30.25	30.39	10.0000
7	27.77	28.60	30.70	30.85	12.0000
8	27.88	28.85	31.13	31.28	14.0000
9	28.02	29.12	31.55	31.69	16.0000
10	28.16	29.39	31.96	32.07	18.0000
11	28.32	29.67	32.34	32.43	20.0000
12	28.49	29.96	32.71	32.78	22.0000
13	28.66	30.24	33.06	33.11	24.0000
14	28.85	30.54	33.39	33.43	26.0000
15	29.03	30.82	33.71	33.74	28.0000
16	29.21	31.11	34.00	34.04	30.0000
17	29.40	31.39	34.29	34.31	32.0000
18	29.59	31.67	34.56	34.59	34.0000
19	29.77	31.96	34.84	34.87	36.0000
20	29.96	32.24	35.09	35.14	38.0000
21	30.16	32.51	35.34	35.39	40.0000
22	30.34	32.78	35.43	35.39	42.0000
23	30.53	33.01	35.29	35.15	44.0000
24	30.70	33.16	34.99	34.78	46.0000
25	30.84	33.24	34.62	34.39	48.0000
26	30.95	33.26	34.22	34.00	50.0000
27	31.03	33.25	33.81	33.64	52.0000
28	31.06	33.20	33.42	33.31	54.0000
29	31.11	33.12	33.05	33.00	56.0000
30	31.11	33.03	32.70	32.72	58.0000
31	31.09	32.93	32.38	32.47	60.0000
32	31.07	32.81	32.08	32.23	62.0000
33	31.03	32.69	31.80	32.02	64.0000
34	30.98	32.57	31.53	31.82	66.0000
35	30.93	32.44	31.29	31.64	68.0000
36	30.88	32.31	31.08	31.47	70.0000
37	30.81	32.18	30.88	31.31	72.0000
38	30.75	32.06	30.69	31.17	74.0000
39	30.69	31.93	30.53	31.04	76.0000
40	30.62	31.80	30.38	30.91	78.0000
41	30.55	31.67	30.25	30.82	80.0000
42	30.49	31.56	30.30	30.97	82.0000
43	30.43	31.49	30.56	31.34	84.0000
44	30.39	31.49	30.96	31.82	86.0000
45	30.36	31.55	31.42	32.32	88.0000
46	30.37	31.67	31.92	32.82	90.0000
47	30.41	31.83	32.42	33.31	92.0000
48	30.48	32.01	32.91	33.76	94.0000
49	30.57	32.23	33.39	34.19	96.0000
50	30.68	32.45	33.84	34.60	98.0000
51	30.82	32.69	34.27	34.98	100.0000
52	30.95	32.94	34.69	35.34	102.0000
53	31.10	33.19	35.07	35.68	104.0000
54	31.26	33.45	35.45	36.01	106.0000
55	31.43	33.71	35.81	36.33	108.0000
56	31.60	33.98	36.15	36.63	110.0000
57	31.78	34.24	36.47	36.93	112.0000
58	31.96	34.50	36.78	37.21	114.0000
59	32.13	34.77	37.08	37.49	116.0000
60	32.32	35.03	37.36	37.75	118.0000
61	32.50	35.29	37.62	37.99	120.0000
62	32.68	35.54	37.72	37.99	122.0000
63	32.85	35.74	37.60	37.73	124.0000
64	33.02	35.89	37.32	37.38	126.0000
65	33.16	35.96	36.99	37.00	128.0000
66	33.26	35.98	36.61	36.62	130.0000
67	33.34	35.95	36.23	36.26	132.0000
68	33.39	35.89	35.85	35.93	134.0000
69	33.41	35.81	35.50	35.63	136.0000
70	33.42	35.72	35.16	35.35	138.0000
71	33.40	35.61	34.85	35.09	140.0000
72	33.37	35.48	34.55	34.85	142.0000
73	33.34	35.36	34.28	34.62	144.0000
74	33.29	35.23	34.03	34.41	146.0000
75	33.24	35.09	33.79	34.22	148.0000
76	33.18	34.96	33.56	34.04	150.0000
77	33.12	34.82	33.36	33.87	152.0000
78	33.06	34.68	33.17	33.71	154.0000
79	32.99	34.54	32.99	33.56	156.0000
80	32.92	34.40	32.83	33.41	158.0000
81	32.85	34.27	32.69	33.30	160.0000
82	32.78	34.14	32.72	33.43	162.0000
83	32.72	34.06	32.97	33.80	164.0000
84	32.67	34.04	33.37	34.27	166.0000
85	32.64	34.09	33.84	34.78	168.0000
86	32.65	34.20	34.34	35.28	170.0000
87	32.68	34.35	34.85	35.77	172.0000
88	32.75	34.53	35.35	36.23	174.0000
89	32.84	34.74	35.81	36.65	176.0000
90	32.95	34.96	36.27	37.06	178.0000
91	33.08	35.20	36.71	37.44	180.0000
92	33.22	35.44	37.12	37.80	182.0000
93	33.37	35.69	37.51	38.14	184.0000
94	33.53	35.94	37.89	38.47	186.0000
95	33.69	36.20	38.24	38.78	188.0000
96	33.86	36.46	38.58	39.08	190.0000
97	34.03	36.72	38.89	39.37	192.0000
98	34.21	36.98	39.20	39.64	194.0000
99	34.39	37.23	39.49	39.91	196.0000
100	34.56	37.49	39.77	40.17	198.0000
101	34.74	37.75	40.03	40.40	200.0000
102	34.92	38.00	40.13	40.40	202.0000
103	35.10	38.20	40.00	40.15	204.0000
104	35.27	38.33	39.72	39.78	206.0000
105	35.40	38.40	39.37	39.39	208.0000
106	35.50	38.41	38.99	38.99	210.0000
107	35.58	38.38	38.60	38.62	212.0000
108	35.62	38.31	38.22	38.28	214.0000
109	35.64	38.22	37.84	37.96	216.0000
110	35.64	38.12	37.50	37.66	218.0000
111	35.62	38.00	37.17	37.40	220.0000
112	35.60	37.87	36.87	37.15	222.0000
113	35.55	37.73	36.59	36.91	224.0000
114	35.50	37.59	36.33	36.70	226.0000
115	35.44	37.44	36.09	36.50	228.0000
116	35.38	37.30	35.86	36.31	230.0000
117	35.31	37.15	35.65	36.13	232.0000
118	35.24	37.01	35.46	35.96	234.0000
119	35.17	36.86	35.28	35.81	236.0000
120	35.10	36.72	35.11	35.66	238.0000
121	35.03	36.57	34.97	35.54	240.0000
122	34.96	36.44	34.99	35.66	242.0000
123	34.89	36.35	35.23	36.01	244.0000
124	34.83	36.32	35.63	36.48	246.0000
125	34.80	36.37	36.10	36.99	248.0000
126	34.80	36.47	36.60	37.50	250.0000
127	34.84	36.61	37.10	37.98	252.0000
128	34.90	36.79	37.60	38.44	254.0000
129	34.99	36.99	38.08	38.87	256.0000
130	35.09	37.21	38.53	39.26	258.0000
131	35.22	37.43	38.97	39.64	260.0000
132	35.35	37.68	39.38	40.00	262.0000
133	35.50	37.92	39.77	40.34	264.0000
134	35.66	38.17	40.14	40.66	266.0000
135	35.82	38.43	40.49	40.97	268.0000
136	35.99	38.68	40.82	41.26	270.0000
137	36.16	38.93	41.13	41.55	272.0000
138	36.33	39.19	41.44	41.81	274.0000
139	36.50	39.44	41.72	42.07	276.0000
140	36.68	39.69	41.99	42.32	278.0000
141	36.86	39.94	42.23	42.54	280.0000
142	37.04	40.18	42.31	42.51	282.0000
143	37.21	40.37	42.17	42.24	284.0000
144	37.36	40.50	41.89	41.88	286.0000
145	37.49	40.55	41.54	41.47	288.0000
146	37.59	40.56	41.14	41.09	290.0000
147	37.66	40.52	40.76	40.71	292.0000
148	37.69	40.44	40.37	40.37	294.0000
149	37.72	40.35	40.01	40.06	296.0000
150	37.71	40.24	39.67	39.76	298.0000
151	37.69	40.12	39.34	39.50	300.0000
152	37.65	39.99	39.05	39.24	302.0000
153	37.61	39.85	38.76	39.01	304.0000
154	37.55	39.70	38.50	38.79	306.0000
155	37.49	39.56	38.26	38.59	308.0000
156	37.43	39.41	38.03	38.39	310.0000
157	37.36	39.26	37.82	38.21	312.0000
158	37.29	39.11	37.62	38.04	314.0000
159	37.22	38.96	37.43	37.88	316.0000
160	37.14	38.81	37.26	37.72	318.0000
161	37.07	38.66	37.11	37.60	320.0000
162	36.99	38.52	37.11	37.70	322.0000
163	36.92	38.42	37.35	38.05	324.0000
164	36.86	38.39	37.74	38.52	326.0000
165	36.83	38.42	38.20	39.02	328.0000
166	36.82	38.52	38.70	39.52	330.0000
167	36.85	38.66	39.19	39.99	332.0000
168	36.91	38.84	39.68	40.44	334.0000
169	36.99	39.03	40.15	40.86	336.0000
170	37.09	39.24	40.60	41.26	338.0000
171	37.21	39.47	41.02	41.63	340.0000
172	37.34	39.70	41.42	41.97	342.0000
173	37.49	39.94	41.80	42.30	344.0000
174	37.64	40.18	42.16	42.61	346.0000
175	37.79	40.42	42.49	42.90	348.0000
176	37.96	40.67	42.81	43.18	350.0000
177	38.12	40.91	43.11	43.44	352.0000
178	38.29	41.15	43.39	43.70	354.0000
179	38.46	41.40	43.67	43.95	356.0000
180	38.63	41.64	43.93	44.19	358.0000
181	38.79	41.88	44.17	44.40	360.0000
182	38.96	42.10	44.24	44.37	362.0000
183	39.13	42.30	44.10	44.11	364.0000
184	39.28	42.41	43.81	43.73	366.0000
185	39.40	42.46	43.46	43.33	368.0000
186	39.50	42.46	43.06	42.93	370.0000
187	39.56	42.41	42.66	42.55	372.0000
188	39.59	42.33	42.28	42.19	374.0000
189	39.60	42.23	41.90	41.87	376.0000
190	39.59	42.11	41.54	41.56	378.0000
191	39.56	41.98	41.21	41.28	380.0000
192	39.52	41.83	40.90	41.02	382.0000
193	39.47	41.69	40.61	40.78	384.0000
194	39.41	41.53	40.33	40.55	386.0000
195	39.34	41.38	40.08	40.33	388.0000
196	39.27	41.22	39.85	40.13	390.0000
197	39.19	41.06	39.63	39.93	392.0000
198	39.11	40.90	39.42	39.76	394.0000
199	39.03	40.74	39.22	39.58	396.0000
200	38.94	40.58	39.05	39.42	398.0000
201	38.86	40.43	38.88	39.27	400.0000
202	38.78	40.27	38.84	39.31	402.0000
203	38.70	40.16	39.04	39.64	404.0000
204	38.63	40.10	39.41	40.10	406.0000
205	38.59	40.13	39.87	40.61	408.0000
206	38.57	40.21	40.36	41.12	410.0000
207	38.59	40.34	40.88	41.61	412.0000
208	38.64	40.51	41.37	42.07	414.0000
209	38.71	40.70	41.86	42.51	416.0000
210	38.81	40.91	42.32	42.92	418.0000
211	38.92	41.14	42.76	43.31	420.0000
212	39.05	41.38	43.18	43.68	422.0000
213	39.19	41.62	43.58	44.02	424.0000
214	39.34	41.87	43.96	44.35	426.0000
215	39.50	42.11	44.32	44.66	428.0000
216	39.66	42.37	44.65	44.97	430.0000
217	39.83	42.62	44.97	45.24	432.0000
218	40.01	42.87	45.27	45.51	434.0000
219	40.17	43.12	45.55	45.78	436.0000
220	40.34	43.38	45.83	46.02	438.0000
221	40.52	43.62	46.08	46.24	440.0000
222	40.69	43.86	46.14	46.19	442.0000
223	40.86	44.05	45.99	45.91	444.0000
224	41.01	44.17	45.69	45.52	446.0000
225	41.13	44.22	45.32	45.11	448.0000
226	41.23	44.21	44.92	44.70	450.0000
227	41.29	44.17	44.51	44.32	452.0000
228	41.32	44.09	44.11	43.95	454.0000
229	41.33	43.98	43.73	43.62	456.0000
230	41.32	43.85	43.38	43.31	458.0000
231	41.29	43.72	43.04	43.02	460.0000
232	41.24	43.58	42.72	42.76	462.0000
233	41.19	43.42	42.42	42.51	464.0000
234	41.13	43.27	42.14	42.28	466.0000
235	41.05	43.11	41.89	42.06	468.0000
236	40.98	42.95	41.65	41.85	470.0000
237	40.90	42.78	41.42	41.66	472.0000
238	40.82	42.62	41.21	41.47	474.0000
239	40.73	42.46	41.01	41.30	476.0000
240	40.65	42.29	40.83	41.13	478.0000
241	40.56	42.13	40.67	41.00	480.0000
242	40.47	41.98	40.69	41.12	482.0000
243	40.40	41.88	40.94	41.49	484.0000
244	40.33	41.84	41.32	41.95	486.0000
245	40.29	41.88	41.78	42.46	488.0000
246	40.28	41.97	42.28	42.96	490.0000
247	40.30	42.10	42.77	43.43	492.0000
248	40.35	42.27	43.25	43.87	494.0000
249	40.42	42.47	43.72	44.29	496.0000
250	40.52	42.67	44.17	44.68	498.0000
251	40.64	42.89	44.59	45.05	500.0000
252	40.77	43.12	44.98	45.39	502.0000
253	40.90	43.36	45.36	45.72	504.0000
254	41.05	43.60	45.72	46.03	506.0000
255	41.20	43.84	46.05	46.32	508.0000
256	41.36	44.08	46.37	46.61	510.0000
257	41.52	44.32	46.67	46.87	512.0000
258	41.68	44.56	46.95	47.13	514.0000
259	41.84	44.80	47.23	47.37	516.0000
260	42.00	45.04	47.48	47.61	518.0000
261	42.17	45.28	47.70	47.80	520.0000
262	42.34	45.50	47.74	47.72	522.0000
263	42.49	45.68	47.57	47.43	524.0000
264	42.64	45.79	47.25	47.04	526.0000
265	42.75	45.82	46.88	46.61	528.0000
266	42.83	45.80	46.47	46.20	530.0000
267	42.89	45.74	46.07	45.82	532.0000
268	42.91	45.65	45.67	45.45	534.0000
269	42.91	45.54	45.29	45.12	536.0000
270	42.89	45.41	44.93	44.81	538.0000
271	42.86	45.27	44.59	44.52	540.0000
272	42.80	45.12	44.26	44.25	542.0000
273	42.74	44.97	43.96	44.00	544.0000
274	42.68	44.80	43.68	43.76	546.0000
275	42.60	44.63	43.43	43.53	548.0000
276	42.52	44.47	43.18	43.33	550.0000
277	42.44	44.30	42.95	43.13	552.0000
278	42.35	44.13	42.74	42.94	554.0000
279	42.26	43.96	42.53	42.76	556.0000
280	42.17	43.79	42.35	42.59	558.0000
281	42.08	43.63	42.19	42.46	560.0000
282	41.98	43.47	42.21	42.59	562.0000
283	41.90	43.37	42.46	42.95	564.0000
284	41.83	43.33	42.84	43.42	566.0000
285	41.78	43.36	43.29	43.91	568.0000
286	41.77	43.45	43.78	44.39	570.0000
287	41.79	43.58	44.25	44.85	572.0000
288	41.83	43.74	44.73	45.28	574.0000
289	41.91	43.92	45.18	45.69	576.0000
290	42.00	44.13	45.61	46.07	578.0000
291	42.11	44.34	46.03	46.43	580.0000
292	42.23	44.56	46.41	46.77	582.0000
293	42.36	44.78	46.79	47.09	584.0000
294	42.50	45.02	47.13	47.39	586.0000
295	42.64	45.24	47.46	47.67	588.0000
296	42.79	45.49	47.77	47.95	590.0000
297	42.95	45.72	48.06	48.21	592.0000
298	43.10	45.95	48.34	48.47	594.0000
299	43.26	46.19	48.61	48.71	596.0000
300	43.42	46.42	48.86	48.94	598.0000
301	43.58	46.65	49.08	49.13	600.0000
302	43.74	46.87	49.14	49.08	602.0000
303	43.89	47.05	48.98	48.80	604.0000
304	44.03	47.15	48.67	48.41	606.0000
305	44.15	47.19	48.30	47.98	608.0000
306	44.23	47.17	47.89	47.57	610.0000
307	44.28	47.11	47.48	47.17	612.0000
308	44.30	47.01	47.08	46.81	614.0000
309	44.30	46.90	46.68	46.46	616.0000
310	44.28	46.77	46.32	46.14	618.0000
311	44.23	46.62	45.97	45.84	620.0000
312	44.18	46.46	45.64	45.56	622.0000
313	44.11	46.30	45.33	45.29	624.0000
314	44.04	46.13	45.04	45.05	626.0000
315	43.96	45.96	44.77	44.81	628.0000
316	43.87	45.79	44.51	44.59	630.0000
317	43.79	45.61	44.26	44.37	632.0000
318	43.69	45.43	44.03	44.17	634.0000
319	43.59	45.25	43.82	43.98	636.0000
320	43.50	45.08	43.62	43.80	638.0000
321	43.40	44.91	43.43	43.63	640.0000
322	43.30	44.74	43.40	43.69	642.0000
323	43.21	44.61	43.59	44.01	644.0000
324	43.12	44.55	43.95	44.46	646.0000
325	43.07	44.55	44.40	44.96	648.0000
326	43.04	44.62	44.88	45.45	650.0000
327	43.04	44.75	45.36	45.92	652.0000
328	43.08	44.90	45.84	46.36	654.0000
329	43.14	45.07	46.31	46.78	656.0000
330	43.22	45.27	46.75	47.17	658.0000
331	43.33	45.47	47.17	47.54	660.0000
332	43.44	45.70	47.57	47.89	662.0000
333	43.56	45.92	47.95	48.21	664.0000
334	43.70	46.15	48.30	48.52	666.0000
335	43.85	46.39	48.64	48.82	668.0000
336	43.99	46.62	48.96	49.10	670.0000
337	44.14	46.86	49.26	49.37	672.0000
338	44.30	47.10	49.55	49.63	674.0000
339	44.45	47.33	49.82	49.88	676.0000
340	44.61	47.57	50.08	50.11	678.0000
341	44.77	47.80	50.32	50.34	680.0000
342	44.93	48.03	50.44	50.36	682.0000
343	45.09	48.22	50.32	50.12	684.0000
344	45.23	48.34	50.04	49.73	686.0000
345	45.35	48.40	49.66	49.30	688.0000
346	45.43	48.39	49.25	48.86	690.0000
347	45.48	48.33	48.82	48.45	692.0000
348	45.51	48.24	48.39	48.06	694.0000
349	45.51	48.12	47.99	47.69	696.0000
350	45.48	47.98	47.60	47.36	698.0000
351	45.44	47.84	47.24	47.05	700.0000
352	45.39	47.67	47.01	46.94	702.0000
353	45.32	47.55	47.03	47.13	704.0000
354	45.26	47.47	47.23	47.47	706.0000
355	45.21	47.46	47.53	47.86	708.0000
356	45.19	47.51	47.88	48.26	710.0000
357	45.20	47.60	48.25	48.66	712.0000
358	45.23	47.71	48.62	49.03	714.0000
359	45.29	47.87	48.98	49.38	716.0000
360	45.36	48.03	49.34	49.71	718.0000
361	45.45	48.20	49.67	50.00	720.0000
362	45.56	48.38	49.82	50.03	722.0000
363	45.66	48.52	49.76	49.81	724.0000
364	45.77	48.60	49.53	49.47	726.0000
365	45.85	48.61	49.21	49.08	728.0000
366	45.91	48.57	48.86	48.69	730.0000
367	45.94	48.49	48.50	48.31	732.0000
368	45.94	48.38	48.14	47.96	734.0000
369	45.91	48.25	47.79	47.63	736.0000
370	45.88	48.11	47.45	47.32	738.0000
371	45.83	47.95	47.13	47.04	740.0000
372	45.76	47.79	46.83	46.76	742.0000
373	45.68	47.62	46.54	46.51	744.0000
374	45.60	47.44	46.27	46.27	746.0000
375	45.51	47.26	46.02	46.04	748.0000
376	45.41	47.08	45.78	45.83	750.0000
377	45.31	46.90	45.56	45.62	752.0000
378	45.21	46.72	45.34	45.43	754.0000
379	45.11	46.54	45.15	45.24	756.0000
380	45.01	46.36	44.97	45.06	758.0000
381	44.90	46.19	44.79	44.91	760.0000
382	44.79	46.02	44.78	45.00	762.0000
383	44.69	45.90	45.01	45.34	764.0000
384	44.61	45.85	45.40	45.82	766.0000
385	44.55	45.86	45.86	46.33	768.0000
386	44.52	45.94	46.36	46.83	770.0000
387	44.53	46.07	46.86	47.32	772.0000
388	44.57	46.23	47.36	47.78	774.0000
389	44.63	46.42	47.84	48.21	776.0000
390	44.71	46.63	48.29	48.61	778.0000
391	44.82	46.84	48.72	48.98	780.0000
392	44.93	47.06	49.13	49.34	782.0000
393	45.06	47.30	49.51	49.66	784.0000
394	45.20	47.55	49.87	49.98	786.0000
395	45.34	47.78	50.20	50.27	788.0000
396	45.49	48.02	50.52	50.54	790.0000
397	45.64	48.26	50.82	50.80	792.0000
398	45.80	48.50	51.09	51.05	794.0000
399	45.95	48.74	51.35	51.29	796.0000
400	46.10	48.97	51.60	51.52	798.0000
401	46.26	49.20	51.82	51.71	800.0000
402	46.41	49.42	51.86	51.66	802.0000
403	46.56	49.60	51.70	51.36	804.0000
404	46.69	49.70	51.37	50.95	806.0000
405	46.80	49.73	50.98	50.51	808.0000
406	46.87	49.71	50.56	50.07	810.0000
407	46.92	49.64	50.13	49.66	812.0000
408	46.93	49.53	49.71	49.28	814.0000
409	46.92	49.41	49.30	48.92	816.0000
410	46.89	49.27	48.92	48.59	818.0000
411	46.84	49.11	48.56	48.28	820.0000
412	46.78	48.95	48.22	47.99	822.0000
413	46.70	48.78	47.89	47.71	824.0000
414	46.61	48.60	47.59	47.45	826.0000
415	46.53	48.42	47.31	47.21	828.0000
416	46.44	48.24	47.04	46.98	830.0000
417	46.33	48.05	46.79	46.76	832.0000
418	46.23	47.87	46.55	46.55	834.0000
419	46.13	47.68	46.33	46.36	836.0000
