# Temperatur 1 (°C)	Temperatur 2 (°C)	
# Temperatur 3 (°C)	Temperatur 4 (°C)	Temperatur 5 (°C)	
# Temperatur 6 (°C)	Temperatur 7 (°C)	Temperatur 8 (°C)
1	21.85	23.61	23.12	21.43	22.36	23.60	22.24	20.82
2	22.07	24.07	23.59	21.64	22.73	24.04	22.68	20.83
3	22.30	24.48	24.01	21.87	23.10	24.44	23.12	20.84
4	22.53	24.85	24.39	22.11	23.46	24.81	23.55	20.86
5	22.76	25.18	24.73	22.34	23.82	25.16	23.95	20.90
6	23.00	25.49	25.03	22.59	24.17	25.47	24.33	20.95
7	23.23	25.77	25.32	22.82	24.50	25.78	24.68	20.98
8	23.46	26.02	25.58	23.04	24.83	26.06	25.02	21.04
9	23.69	26.27	25.82	23.27	25.14	26.33	25.33	21.10
10	23.91	26.50	26.04	23.48	25.44	26.59	25.62	21.17
11	24.12	26.71	26.25	23.69	25.72	26.83	25.88	21.23
12	24.33	26.93	26.46	23.90	26.00	27.07	26.14	21.32
13	24.54	27.13	26.65	24.10	26.26	27.29	26.37	21.40
14	24.75	27.32	26.83	24.30	26.53	27.50	26.59	21.48
15	24.94	27.50	27.00	24.48	26.76	27.71	26.80	21.56
16	25.13	27.67	27.16	24.67	26.99	27.91	27.00	21.65
17	25.33	27.85	27.33	24.85	27.23	28.11	27.19	21.74
18	25.51	28.01	27.47	25.02	27.44	28.28	27.37	21.83
19	25.68	28.17	27.62	25.19	27.64	28.46	27.54	21.93
20	25.86	28.32	27.76	25.36	27.85	28.62	27.70	22.01
21	26.03	28.47	27.89	25.52	28.04	28.79	27.85	22.10
22	26.20	28.61	28.01	25.65	28.22	28.94	27.99	22.19
23	26.36	28.76	28.14	25.81	28.40	29.10	28.13	22.28
24	26.52	28.89	28.27	25.96	28.57	29.24	28.26	22.37
25	26.67	29.02	28.39	26.11	28.73	29.38	28.39	22.46
26	26.82	29.15	28.51	26.25	28.89	29.52	28.52	22.55
27	26.97	29.28	28.62	26.37	29.05	29.64	28.64	22.64
28	27.12	29.40	28.73	26.50	29.19	29.77	28.75	22.72
29	27.26	29.52	28.84	26.64	29.34	29.90	28.86	22.81
30	27.40	29.64	28.95	26.75	29.48	30.02	28.97	22.89
31	27.53	29.76	29.05	26.88	29.61	30.13	29.07	22.98
32	27.66	29.87	29.15	26.99	29.74	30.25	29.18	23.06
33	27.79	29.99	29.26	27.11	29.87	30.36	29.28	23.14
34	27.92	30.10	29.35	27.23	29.99	30.47	29.38	23.23
35	28.04	30.20	29.45	27.34	30.11	30.58	29.47	23.30
36	28.16	30.31	29.55	27.45	30.23	30.68	29.56	23.39
37	28.28	30.42	29.64	27.55	30.34	30.79	29.65	23.46
38	28.40	30.53	29.73	27.66	30.45	30.89	29.74	23.54
39	28.52	30.63	29.83	27.76	30.56	30.98	29.83	23.62
40	28.63	30.73	29.91	27.86	30.68	31.08	29.91	23.70
41	28.74	30.83	30.01	27.96	30.78	31.17	30.00	23.77
42	28.85	30.92	30.09	28.06	30.88	31.27	30.08	23.85
43	28.96	31.02	30.18	28.15	30.98	31.36	30.17	23.92
44	29.06	31.11	30.26	28.24	31.08	31.44	30.24	24.00
45	29.17	31.21	30.35	28.33	31.17	31.53	30.31	24.06
46	29.27	31.30	30.43	28.43	31.27	31.62	30.39	24.14
47	29.37	31.40	30.52	28.52	31.36	31.71	30.48	24.21
48	29.48	31.49	30.59	28.60	31.45	31.79	30.55	24.27
49	29.57	31.58	30.68	28.69	31.54	31.88	30.63	24.35
50	29.67	31.66	30.76	28.78	31.63	31.96	30.70	24.42
51	29.76	31.75	30.83	28.87	31.72	32.04	30.77	24.49
52	29.85	31.84	30.91	28.94	31.80	32.12	30.85	24.57
53	29.95	31.92	30.99	29.02	31.89	32.20	30.92	24.63
54	30.03	32.00	31.07	29.11	31.97	32.28	30.99	24.70
55	30.12	32.08	31.14	29.19	32.05	32.35	31.06	24.77
56	30.22	32.16	31.21	29.27	32.13	32.43	31.13	24.83
57	30.29	32.25	31.29	29.34	32.21	32.51	31.19	24.89
58	30.39	32.34	31.37	29.42	32.29	32.59	31.26	24.96
59	30.47	32.42	31.44	29.50	32.37	32.66	31.33	25.02
60	30.56	32.49	31.51	29.58	32.45	32.73	31.40	25.08
61	30.64	32.57	31.58	29.65	32.53	32.80	31.47	25.15
62	30.72	32.64	31.65	29.72	32.60	32.87	31.53	25.22
63	30.80	32.73	31.73	29.80	32.67	32.95	31.60	25.27
64	30.89	32.82	31.81	29.87	32.75	33.02	31.67	25.34
65	30.96	32.90	31.88	29.94	32.81	33.10	31.72	25.39
66	31.04	32.99	31.97	30.01	32.89	33.17	31.81	25.46
67	31.13	33.08	32.05	30.10	32.98	33.25	31.87	25.52
68	31.21	33.15	32.12	30.17	33.06	33.33	31.94	25.59
69	31.29	33.23	32.19	30.24	33.13	33.40	32.01	25.65
70	31.37	33.31	32.26	30.32	33.21	33.48	32.08	25.71
71	31.46	33.39	32.33	30.40	33.29	33.55	32.14	25.77
72	31.53	33.46	32.40	30.46	33.37	33.62	32.21	25.83
73	31.62	33.54	32.47	30.53	33.44	33.70	32.28	25.89
74	31.69	33.61	32.53	30.60	33.52	33.77	32.34	25.95
75	31.77	33.69	32.60	30.67	33.59	33.84	32.40	26.01
76	31.85	33.76	32.67	30.73	33.66	33.91	32.46	26.07
77	31.92	33.84	32.73	30.80	33.74	33.98	32.53	26.13
78	32.00	33.91	32.80	30.87	33.81	34.05	32.58	26.19
79	32.07	33.98	32.86	30.93	33.88	34.12	32.64	26.25
80	32.15	34.05	32.92	31.00	33.95	34.18	32.71	26.31
81	32.21	34.12	32.98	31.06	34.02	34.25	32.76	26.36
82	32.29	34.18	33.05	31.13	34.08	34.31	32.82	26.42
83	32.36	34.25	33.11	31.18	34.15	34.38	32.88	26.48
84	32.43	34.32	33.17	31.25	34.22	34.44	32.94	26.54
85	32.50	34.39	33.23	31.31	34.29	34.51	33.00	26.59
86	32.57	34.45	33.29	31.38	34.35	34.57	33.06	26.65
87	32.63	34.52	33.35	31.44	34.42	34.63	33.12	26.70
88	32.70	34.58	33.41	31.50	34.48	34.69	33.17	26.76
89	32.76	34.64	33.47	31.56	34.54	34.75	33.23	26.81
90	32.83	34.71	33.53	31.62	34.60	34.81	33.28	26.87
91	32.89	34.77	33.58	31.68	34.67	34.87	33.34	26.93
92	32.96	34.83	33.64	31.73	34.73	34.93	33.39	26.98
93	33.02	34.89	33.70	31.78	34.79	34.99	33.44	27.03
94	33.08	34.95	33.76	31.85	34.85	35.05	33.50	27.09
95	33.14	35.01	33.81	31.90	34.91	35.10	33.55	27.14
96	33.21	35.07	33.86	31.96	34.96	35.16	33.60	27.19
97	33.27	35.13	33.92	32.01	35.02	35.21	33.66	27.24
98	33.33	35.19	33.97	32.07	35.07	35.27	33.71	27.30
99	33.39	35.25	34.03	32.12	35.13	35.32	33.76	27.35
100	33.45	35.30	34.08	32.17	35.19	35.38	33.82	27.40
101	33.51	35.36	34.13	32.23	35.25	35.43	33.86	27.45
102	33.56	35.42	34.18	32.28	35.30	35.48	33.91	27.50
103	33.62	35.47	34.23	32.33	35.35	35.54	33.96	27.55
104	33.68	35.53	34.28	32.39	35.41	35.58	34.01	27.60
105	33.73	35.58	34.33	32.44	35.46	35.63	34.06	27.65
106	33.79	35.63	34.38	32.49	35.51	35.69	34.11	27.70
107	33.85	35.69	34.43	32.54	35.56	35.73	34.16	27.75
108	33.90	35.74	34.48	32.59	35.62	35.79	34.20	27.80
109	33.95	35.79	34.53	32.65	35.66	35.83	34.25	27.85
110	34.01	35.84	34.58	32.69	35.72	35.88	34.30	27.90
111	34.06	35.90	34.63	32.74	35.76	35.94	34.35	27.95
112	34.11	35.95	34.68	32.78	35.81	35.98	34.39	28.00
113	34.16	36.00	34.72	32.83	35.86	36.03	34.44	28.05
114	34.21	36.05	34.77	32.88	35.91	36.07	34.49	28.08
115	34.27	36.10	34.82	32.93	35.96	36.12	34.53	28.13
116	34.32	36.15	34.87	32.98	36.01	36.17	34.58	28.18
117	34.37	36.20	34.91	33.02	36.05	36.22	34.62	28.22
118	34.42	36.24	34.96	33.07	36.10	36.26	34.67	28.27
119	34.46	36.30	35.01	33.11	36.15	36.31	34.72	28.32
120	34.51	36.35	35.05	33.16	36.19	36.36	34.77	28.37
121	34.57	36.40	35.10	33.21	36.24	36.40	34.81	28.41
122	34.61	36.45	35.14	33.25	36.29	36.45	34.86	28.46
123	34.66	36.49	35.19	33.30	36.34	36.49	34.90	28.50
124	34.71	36.54	35.23	33.35	36.38	36.54	34.94	28.55
125	34.76	36.59	35.28	33.39	36.42	36.58	34.99	28.59
126	34.81	36.63	35.33	33.44	36.47	36.63	35.03	28.64
127	34.85	36.68	35.37	33.48	36.52	36.67	35.08	28.69
128	34.90	36.72	35.41	33.53	36.56	36.72	35.12	28.73
129	34.95	36.77	35.45	33.57	36.60	36.76	35.17	28.77
130	34.99	36.81	35.50	33.61	36.65	36.80	35.21	28.82
131	35.04	36.87	35.55	33.66	36.69	36.85	35.25	28.86
132	35.08	36.91	35.59	33.70	36.74	36.89	35.29	28.91
133	35.13	36.95	35.63	33.74	36.78	36.93	35.33	28.95
134	35.17	37.00	35.67	33.79	36.82	36.98	35.38	28.99
135	35.22	37.05	35.71	33.83	36.86	37.02	35.42	29.03
136	35.25	37.09	35.76	33.88	36.91	37.07	35.46	29.07
137	35.30	37.13	35.80	33.91	36.95	37.10	35.50	29.12
138	35.35	37.17	35.84	33.96	36.99	37.15	35.55	29.16
139	35.39	37.22	35.88	33.99	37.04	37.19	35.59	29.20
140	35.43	37.26	35.92	34.04	37.08	37.23	35.63	29.24
141	35.48	37.30	35.96	34.08	37.12	37.27	35.67	29.28
142	35.52	37.34	36.01	34.12	37.16	37.31	35.71	29.32
143	35.56	37.39	36.05	34.16	37.20	37.35	35.75	29.37
144	35.60	37.43	36.09	34.20	37.24	37.39	35.79	29.41
145	35.64	37.48	36.13	34.24	37.28	37.44	35.83	29.45
146	35.69	37.52	36.17	34.28	37.32	37.47	35.87	29.49
147	35.72	37.56	36.21	34.32	37.36	37.51	35.91	29.54
148	35.77	37.60	36.25	34.35	37.40	37.55	35.95	29.57
149	35.81	37.64	36.29	34.39	37.44	37.59	35.99	29.61
150	35.85	37.68	36.33	34.44	37.47	37.63	36.03	29.65
151	35.89	37.72	36.37	34.48	37.52	37.67	36.07	29.69
152	35.93	37.77	36.41	34.52	37.55	37.71	36.11	29.73
153	35.96	37.80	36.44	34.55	37.59	37.75	36.15	29.77
154	36.01	37.85	36.48	34.59	37.63	37.79	36.19	29.81
155	36.05	37.89	36.52	34.62	37.66	37.82	36.22	29.84
156	36.08	37.92	36.55	34.65	37.70	37.85	36.24	29.87
157	36.12	37.97	36.60	34.70	37.74	37.90	36.30	29.92
158	36.15	37.99	36.63	34.74	37.76	37.91	36.34	29.96
159	36.20	38.04	36.67	34.78	37.81	37.96	36.38	30.00
160	36.24	38.09	36.70	34.80	37.84	38.00	36.41	30.04
161	36.27	38.12	36.74	34.85	37.88	38.05	36.46	30.08
162	36.31	38.15	36.78	34.88	37.92	38.08	36.49	30.11
163	36.34	38.19	36.82	34.92	37.95	38.12	36.53	30.15
164	36.38	38.23	36.86	34.96	37.98	38.15	36.57	30.19
165	36.41	38.27	36.90	35.00	38.03	38.19	36.61	30.23
166	36.45	38.31	36.93	35.03	38.06	38.23	36.65	30.27
167	36.49	38.34	36.97	35.06	38.09	38.26	36.69	30.30
168	36.52	38.38	37.00	35.10	38.13	38.30	36.72	30.34
169	36.56	38.42	37.04	35.13	38.16	38.33	36.76	30.38
170	36.60	38.46	37.08	35.17	38.20	38.36	36.80	30.42
171	36.64	38.50	37.12	35.21	38.24	38.40	36.84	30.45
172	36.67	38.53	37.15	35.24	38.28	38.44	36.87	30.49
173	36.71	38.57	37.18	35.28	38.31	38.48	36.91	30.52
174	36.74	38.61	37.22	35.31	38.35	38.52	36.94	30.55
175	36.78	38.65	37.24	35.32	38.39	38.56	36.96	30.57
176	36.81	38.68	37.28	35.37	38.43	38.59	37.01	30.62
177	36.85	38.72	37.32	35.41	38.47	38.63	37.05	30.67
178	36.89	38.75	37.36	35.45	38.50	38.67	37.09	30.70
179	36.92	38.79	37.39	35.48	38.54	38.70	37.13	30.74
180	36.95	38.82	37.42	35.51	38.58	38.74	37.16	30.77
181	36.99	38.86	37.46	35.55	38.61	38.78	37.20	30.81
182	37.02	38.89	37.50	35.58	38.65	38.82	37.24	30.84
183	37.06	38.93	37.53	35.62	38.68	38.85	37.27	30.88
184	37.09	38.96	37.56	35.65	38.72	38.88	37.31	30.92
185	37.13	39.00	37.59	35.68	38.76	38.92	37.34	30.95
186	37.16	39.03	37.63	35.71	38.79	38.95	37.38	30.98
187	37.19	39.07	37.66	35.74	38.83	38.99	37.41	31.02
188	37.23	39.10	37.69	35.76	38.86	39.02	37.42	31.03
189	37.26	39.13	37.72	35.80	38.90	39.06	37.47	31.08
190	37.30	39.17	37.76	35.84	38.93	39.09	37.52	31.12
191	37.33	39.21	37.79	35.87	38.97	39.13	37.55	31.15
192	37.36	39.24	37.83	35.91	39.00	39.16	37.58	31.19
193	37.39	39.27	37.86	35.94	39.03	39.19	37.62	31.22
194	37.43	39.31	37.89	35.97	39.07	39.23	37.65	31.26
195	37.46	39.34	37.92	36.00	39.11	39.26	37.69	31.29
196	37.50	39.37	37.95	36.03	39.14	39.30	37.72	31.31
197	37.53	39.41	37.99	36.06	39.17	39.33	37.75	31.35
198	37.56	39.44	38.02	36.10	39.21	39.36	37.79	31.39
199	37.59	39.47	38.05	36.13	39.24	39.40	37.82	31.42
200	37.62	39.51	38.08	36.16	39.28	39.43	37.86	31.46
201	37.65	39.54	38.11	36.19	39.31	39.46	37.89	31.49
202	37.69	39.57	38.14	36.22	39.34	39.49	37.92	31.52
203	37.72	39.61	38.18	36.26	39.38	39.53	37.95	31.55
204	37.75	39.63	38.20	36.29	39.41	39.56	37.99	31.58
205	37.78	39.67	38.24	36.32	39.44	39.59	38.02	31.62
206	37.81	39.70	38.27	36.35	39.47	39.63	38.05	31.66
207	37.84	39.73	38.30	36.38	39.50	39.66	38.08	31.69
208	37.88	39.76	38.33	36.41	39.54	39.69	38.11	31.71
209	37.91	39.80	38.36	36.44	39.57	39.72	38.15	31.75
210	37.94	39.83	38.39	36.47	39.60	39.74	38.18	31.78
211	37.97	39.86	38.42	36.50	39.63	39.78	38.21	31.81
212	38.00	39.88	38.45	36.53	39.66	39.81	38.24	31.84
213	38.03	39.92	38.48	36.56	39.69	39.84	38.28	31.88
214	38.06	39.95	38.51	36.58	39.72	39.87	38.31	31.91
215	38.09	39.98	38.54	36.61	39.75	39.90	38.34	31.94
216	38.12	40.01	38.57	36.64	39.78	39.93	38.36	31.97
217	38.15	40.04	38.60	36.67	39.82	39.96	38.40	32.00
218	38.18	40.07	38.63	36.70	39.84	39.99	38.42	32.03
219	38.21	40.10	38.65	36.73	39.88	40.02	38.46	32.06
220	38.24	40.13	38.68	36.76	39.90	40.05	38.48	32.08
221	38.27	40.16	38.71	36.78	39.93	40.08	38.52	32.12
222	38.30	40.19	38.74	36.82	39.96	40.11	38.55	32.15
223	38.33	40.21	38.77	36.84	39.99	40.14	38.58	32.18
224	38.36	40.25	38.79	36.87	40.02	40.16	38.61	32.21
225	38.39	40.27	38.82	36.90	40.05	40.19	38.64	32.25
226	38.41	40.30	38.85	36.92	40.08	40.22	38.66	32.27
227	38.44	40.33	38.88	36.95	40.10	40.25	38.69	32.30
228	38.47	40.36	38.91	36.98	40.13	40.28	38.72	32.33
229	38.50	40.39	38.93	37.00	40.16	40.30	38.74	32.35
230	38.53	40.42	38.96	37.03	40.19	40.33	38.77	32.39
231	38.55	40.44	38.98	37.06	40.21	40.36	38.80	32.42
232	38.58	40.47	39.01	37.08	40.24	40.39	38.83	32.45
233	38.61	40.50	39.05	37.11	40.27	40.41	38.86	32.48
234	38.64	40.53	39.07	37.13	40.30	40.44	38.88	32.50
235	38.66	40.56	39.09	37.16	40.33	40.47	38.91	32.53
236	38.69	40.58	39.12	37.19	40.35	40.50	38.94	32.56
237	38.72	40.61	39.14	37.22	40.38	40.52	38.97	32.59
238	38.74	40.64	39.17	37.24	40.41	40.55	39.00	32.62
239	38.77	40.67	39.20	37.27	40.44	40.58	39.03	32.64
240	38.80	40.69	39.22	37.29	40.46	40.61	39.05	32.67
241	38.82	40.72	39.25	37.32	40.49	40.63	39.08	32.70
242	38.85	40.75	39.28	37.34	40.51	40.66	39.10	32.72
243	38.88	40.77	39.30	37.37	40.54	40.68	39.13	32.76
244	38.91	40.80	39.33	37.39	40.57	40.71	39.16	32.78
245	38.93	40.83	39.35	37.42	40.60	40.74	39.18	32.80
246	38.95	40.85	39.38	37.45	40.62	40.77	39.21	32.83
247	38.98	40.88	39.40	37.47	40.64	40.79	39.24	32.86
248	39.00	40.90	39.44	37.50	40.67	40.81	39.26	32.89
249	39.03	40.93	39.46	37.52	40.69	40.84	39.29	32.91
250	39.05	40.96	39.48	37.55	40.71	40.86	39.32	32.95
251	39.08	40.98	39.51	37.57	40.74	40.89	39.34	32.97
252	39.10	41.01	39.53	37.60	40.77	40.91	39.37	33.00
253	39.12	41.02	39.55	37.62	40.79	40.94	39.40	33.02
254	39.15	41.05	39.57	37.64	40.82	40.97	39.42	33.05
255	39.18	41.08	39.60	37.67	40.84	40.99	39.45	33.08
256	39.20	41.10	39.62	37.69	40.87	41.01	39.48	33.10
257	39.22	41.13	39.65	37.71	40.89	41.04	39.50	33.13
258	39.24	41.15	39.67	37.74	40.91	41.06	39.53	33.16
259	39.27	41.17	39.70	37.76	40.94	41.08	39.55	33.18
260	39.30	41.20	39.72	37.79	40.96	41.11	39.57	33.20
261	39.32	41.22	39.74	37.81	40.98	41.13	39.60	33.23
262	39.34	41.25	39.76	37.83	41.01	41.16	39.62	33.26
263	39.37	41.27	39.79	37.85	41.03	41.18	39.65	33.28
264	39.39	41.29	39.81	37.88	41.05	41.20	39.67	33.30
265	39.41	41.32	39.83	37.91	41.08	41.23	39.69	33.33
266	39.44	41.34	39.86	37.92	41.10	41.25	39.72	33.36
267	39.46	41.36	39.88	37.94	41.13	41.27	39.74	33.37
268	39.48	41.39	39.90	37.97	41.15	41.30	39.76	33.40
269	39.50	41.41	39.93	37.99	41.18	41.32	39.79	33.42
270	39.53	41.44	39.95	38.01	41.20	41.34	39.81	33.45
271	39.55	41.46	39.97	38.03	41.22	41.37	39.84	33.47
272	39.57	41.48	39.99	38.05	41.24	41.39	39.86	33.50
273	39.59	41.50	40.01	38.08	41.27	41.41	39.88	33.52
274	39.62	41.53	40.03	38.10	41.29	41.44	39.91	33.55
275	39.64	41.55	40.06	38.12	41.31	41.46	39.93	33.57
276	39.66	41.57	40.07	38.14	41.33	41.48	39.95	33.59
277	39.68	41.59	40.10	38.16	41.36	41.50	39.98	33.62
278	39.70	41.61	40.12	38.18	41.38	41.53	40.00	33.64
279	39.72	41.64	40.14	38.19	41.40	41.55	40.02	33.66
280	39.74	41.66	40.16	38.22	41.43	41.58	40.04	33.69
281	39.76	41.68	40.18	38.24	41.45	41.60	40.07	33.71
282	39.78	41.70	40.20	38.26	41.46	41.62	40.09	33.74
283	39.80	41.72	40.22	38.28	41.48	41.64	40.11	33.76
284	39.82	41.74	40.24	38.30	41.51	41.66	40.14	33.78
285	39.84	41.76	40.25	38.32	41.52	41.68	40.17	33.81
286	39.85	41.78	40.28	38.34	41.55	41.71	40.19	33.83
287	39.87	41.80	40.29	38.36	41.57	41.73	40.21	33.85
288	39.89	41.82	40.31	38.37	41.59	41.75	40.23	33.87
289	39.91	41.84	40.33	38.39	41.61	41.77	40.25	33.90
290	39.92	41.85	40.35	38.41	41.62	41.79	40.27	33.92
291	39.94	41.88	40.37	38.43	41.63	41.80	40.30	33.94
292	39.96	41.90	40.39	38.44	41.64	41.81	40.31	33.95
293	39.98	41.92	40.41	38.47	41.67	41.84	40.33	33.98
294	40.00	41.94	40.44	38.49	41.70	41.86	40.35	34.00
295	40.02	41.96	40.46	38.51	41.72	41.88	40.37	34.02
296	40.04	41.98	40.48	38.53	41.74	41.90	40.40	34.04
297	40.06	42.00	40.50	38.55	41.76	41.93	40.42	34.07
298	40.09	42.02	40.52	38.57	41.78	41.94	40.44	34.09
299	40.11	42.04	40.54	38.59	41.80	41.97	40.46	34.10
300	40.13	42.06	40.56	38.61	41.83	41.99	40.48	34.13
301	40.15	42.09	40.58	38.64	41.85	42.00	40.50	34.15
302	40.17	42.10	40.60	38.66	41.86	42.03	40.53	34.17
303	40.19	42.12	40.61	38.66	41.87	42.02	40.53	34.19
304	40.21	42.13	40.63	38.69	41.90	42.04	40.55	34.21
305	40.23	42.15	40.64	38.71	41.92	42.05	40.58	34.24
306	40.25	42.16	40.66	38.73	41.93	42.06	40.60	34.26
307	40.27	42.18	40.67	38.75	41.95	42.08	40.61	34.28
308	40.29	42.20	40.69	38.77	41.97	42.10	40.62	34.30
309	40.31	42.21	40.70	38.79	41.98	42.11	40.64	34.32
310	40.33	42.23	40.72	38.80	42.00	42.13	40.65	34.35
311	40.35	42.24	40.73	38.82	42.01	42.14	40.67	34.36
312	40.37	42.26	40.75	38.84	42.03	42.17	40.69	34.39
313	40.39	42.28	40.77	38.85	42.04	42.17	40.70	34.41
314	40.41	42.30	40.78	38.87	42.06	42.19	40.72	34.43
315	40.42	42.32	40.80	38.89	42.08	42.21	40.74	34.45
316	40.44	42.33	40.82	38.90	42.10	42.22	40.74	34.47
317	40.46	42.35	40.84	38.92	42.11	42.23	40.76	34.49
318	40.48	42.37	40.85	38.94	42.13	42.25	40.78	34.51
319	40.50	42.39	40.87	38.96	42.15	42.27	40.80	34.53
320	40.52	42.41	40.89	38.97	42.16	42.27	40.80	34.54
321	40.53	42.42	40.90	38.99	42.18	42.29	40.82	34.56
322	40.46	42.37	40.92	39.00	42.10	42.24	40.83	34.58
323	40.47	42.38	40.93	39.02	42.11	42.26	40.86	34.60
324	40.48	42.40	40.95	39.04	42.12	42.27	40.87	34.62
325	40.49	42.42	40.96	39.06	42.14	42.28	40.90	34.65
326	40.51	42.43	40.97	39.07	42.15	42.29	40.91	34.67
327	40.53	42.44	40.98	39.09	42.16	42.29	40.92	34.68
328	40.54	42.44	40.98	39.10	42.18	42.29	40.93	34.70
329	40.56	42.45	40.99	39.12	42.19	42.30	40.95	34.72
330	40.57	42.45	40.99	39.13	42.20	42.31	40.96	34.73
331	40.59	42.46	41.00	39.14	42.21	42.33	40.97	34.75
332	40.60	42.47	41.00	39.15	42.22	42.34	40.98	34.77
333	40.61	42.48	41.01	39.15	42.24	42.35	40.98	34.79
334	40.63	42.50	41.02	39.17	42.24	42.36	41.00	34.80
335	40.64	42.50	41.03	39.18	42.26	42.37	41.01	34.82
336	40.66	42.52	41.04	39.19	42.27	42.38	41.02	34.84
337	40.67	42.53	41.05	39.20	42.28	42.40	41.03	34.86
338	40.69	42.54	41.07	39.21	42.30	42.41	41.04	34.87
339	40.70	42.56	41.08	39.22	42.31	42.42	41.05	34.89
340	40.71	42.57	41.09	39.24	42.32	42.44	41.07	34.90
341	40.72	42.58	41.10	39.25	42.33	42.45	41.08	34.92
342	40.74	42.60	41.11	39.26	42.35	42.46	41.09	34.93
343	40.75	42.61	41.13	39.27	42.36	42.48	41.10	34.95
344	40.76	42.62	41.13	39.28	42.37	42.49	41.12	34.97
345	40.78	42.64	41.15	39.29	42.38	42.50	41.13	34.98
346	40.79	42.66	41.17	39.31	42.40	42.52	41.14	35.00
347	40.81	42.67	41.18	39.32	42.41	42.53	41.16	35.01
348	40.82	42.69	41.19	39.33	42.43	42.55	41.17	35.03
349	40.83	42.70	41.21	39.35	42.44	42.57	41.19	35.04
350	40.85	42.72	41.22	39.36	42.45	42.58	41.20	35.06
351	40.86	42.74	41.24	39.37	42.47	42.60	41.22	35.07
352	40.87	42.75	41.25	39.39	42.49	42.62	41.23	35.09
353	40.89	42.76	41.27	39.40	42.50	42.63	41.25	35.10
354	40.90	42.78	41.28	39.41	42.51	42.64	41.27	35.12
355	40.92	42.79	41.30	39.43	42.53	42.66	41.28	35.14
356	40.93	42.81	41.31	39.44	42.55	42.67	41.30	35.15
357	40.94	42.83	41.33	39.45	42.56	42.69	41.31	35.16
358	40.96	42.84	41.34	39.47	42.58	42.71	41.33	35.18
359	40.97	42.85	41.36	39.48	42.60	42.72	41.34	35.20
360	40.99	42.87	41.37	39.49	42.61	42.74	41.36	35.21
361	41.00	42.88	41.38	39.50	42.62	42.75	41.38	35.23
362	41.01	42.90	41.40	39.52	42.63	42.77	41.39	35.25
363	41.03	42.91	41.41	39.54	42.64	42.78	41.41	35.26
364	41.04	42.93	41.42	39.55	42.66	42.79	41.42	35.28
365	41.06	42.94	41.44	39.56	42.67	42.81	41.44	35.29
366	41.07	42.95	41.45	39.57	42.68	42.82	41.45	35.31
367	41.08	42.97	41.47	39.59	42.70	42.83	41.47	35.32
368	41.10	42.98	41.48	39.61	42.71	42.85	41.48	35.34
369	41.11	43.00	41.49	39.62	42.73	42.86	41.50	35.36
370	41.12	43.01	41.51	39.63	42.74	42.88	41.51	35.37
371	41.14	43.03	41.52	39.65	42.76	42.89	41.53	35.39
372	41.15	43.04	41.54	39.66	42.77	42.91	41.54	35.41
373	41.17	43.05	41.55	39.67	42.78	42.92	41.56	35.42
374	41.18	43.07	41.56	39.68	42.80	42.94	41.58	35.44
375	41.20	43.08	41.58	39.70	42.81	42.95	41.59	35.45
376	41.21	43.09	41.59	39.71	42.83	42.96	41.61	35.47
377	41.22	43.11	41.60	39.72	42.84	42.98	41.62	35.48
378	41.23	43.12	41.62	39.73	42.86	43.00	41.63	35.50
379	41.25	43.13	41.63	39.75	42.87	43.01	41.65	35.51
380	41.26	43.15	41.64	39.76	42.88	43.02	41.67	35.53
381	41.27	43.16	41.66	39.78	42.90	43.03	41.68	35.54
382	41.28	43.17	41.67	39.79	42.90	43.05	41.69	35.55
383	41.29	43.18	41.68	39.80	42.91	43.06	41.70	35.57
384	41.30	43.20	41.69	39.82	42.92	43.07	41.72	35.59
385	41.31	43.21	41.70	39.83	42.93	43.08	41.73	35.60
386	41.32	43.22	41.72	39.84	42.95	43.09	41.75	35.62
387	41.33	43.23	41.73	39.85	42.96	43.10	41.76	35.63
388	41.35	43.24	41.75	39.87	42.97	43.11	41.77	35.65
389	41.36	43.26	41.75	39.88	42.99	43.13	41.79	35.66
390	41.37	43.27	41.77	39.89	43.00	43.14	41.80	35.67
391	41.39	43.28	41.78	39.90	43.02	43.16	41.81	35.69
392	41.40	43.30	41.79	39.91	43.03	43.16	41.82	35.70
393	41.41	43.31	41.80	39.93	43.05	43.18	41.84	35.72
394	41.42	43.32	41.82	39.94	43.06	43.20	41.85	35.73
395	41.43	43.33	41.83	39.95	43.07	43.21	41.87	35.74
396	41.44	43.34	41.84	39.97	43.08	43.22	41.88	35.76
397	41.46	43.36	41.85	39.98	43.09	43.23	41.89	35.77
398	41.47	43.37	41.86	39.99	43.10	43.25	41.90	35.79
399	41.48	43.38	41.87	40.00	43.12	43.26	41.92	35.80
400	41.49	43.39	41.89	40.01	43.13	43.27	41.93	35.81
401	41.50	43.40	41.90	40.02	43.15	43.28	41.95	35.83
402	41.52	43.41	41.91	40.04	43.16	43.30	41.96	35.84
403	41.53	43.43	41.93	40.05	43.17	43.31	41.97	35.85
404	41.54	43.44	41.94	40.06	43.18	43.32	41.99	35.87
405	41.55	43.45	41.96	40.08	43.20	43.34	41.99	35.88
406	41.57	43.47	41.97	40.09	43.21	43.35	42.01	35.90
407	41.58	43.48	41.98	40.10	43.22	43.36	42.02	35.91
408	41.60	43.49	41.99	40.12	43.24	43.37	42.04	35.92
409	41.61	43.50	42.01	40.13	43.25	43.39	42.05	35.94
410	41.62	43.52	42.01	40.14	43.26	43.40	42.06	35.95
411	41.64	43.53	42.03	40.16	43.27	43.41	42.07	35.97
412	41.65	43.54	42.04	40.16	43.29	43.43	42.08	35.98
413	41.66	43.56	42.05	40.18	43.30	43.44	42.10	35.99
414	41.67	43.57	42.06	40.19	43.31	43.45	42.11	36.01
415	41.68	43.58	42.07	40.20	43.32	43.46	42.12	36.02
416	41.69	43.59	42.08	40.21	43.34	43.47	42.13	36.03
417	41.70	43.60	42.10	40.21	43.35	43.48	42.15	36.05
418	41.71	43.62	42.11	40.23	43.36	43.50	42.16	36.06
419	41.72	43.63	42.12	40.24	43.37	43.51	42.18	36.08
420	41.73	43.64	42.13	40.25	43.38	43.53	42.18	36.08
421	41.75	43.66	42.14	40.26	43.39	43.54	42.20	36.09
422	41.76	43.66	42.16	40.28	43.41	43.55	42.21	36.11
423	41.77	43.68	42.17	40.28	43.42	43.56	42.22	36.12
424	41.78	43.69	42.17	40.30	43.43	43.57	42.23	36.13
425	41.79	43.70	42.19	40.31	43.45	43.58	42.25	36.15
426	41.80	43.71	42.20	40.32	43.45	43.59	42.26	36.16
