 #,Temperatur 1 (°C),Temperatur 2 (°C),Temperatur 3 (°C),Temperatur 4 (°C),Temperatur 5 (°C),Temperatur 6 (°C),Temperatur 7 (°C),Temperatur 8 (°C),[Temperatur 2 (°C)]-[Temperatur 1 (°C)]
1,24.72,25.06,25.30,24.62,24.70,25.15,26.81,25.58,0.338
2,24.74,25.14,25.37,24.64,24.72,25.28,26.84,25.58,0.399
3,24.75,25.46,25.62,24.66,24.75,25.73,26.88,25.60,0.712
4,24.77,26.02,26.10,24.68,24.86,26.40,26.96,25.60,1.26
5,24.82,26.70,26.70,24.73,25.05,27.16,27.12,25.60,1.88
6,24.89,27.45,27.38,24.81,25.31,27.93,27.36,25.62,2.55
7,25.00,28.20,28.08,24.92,25.64,28.67,27.66,25.62,3.19
8,25.15,28.94,28.79,25.06,25.99,29.38,28.01,25.63,3.79
9,25.34,29.65,29.47,25.24,26.39,30.06,28.41,25.63,4.31
10,25.54,30.36,30.15,25.44,26.80,30.71,28.82,25.64,4.81
11,25.78,31.02,30.79,25.68,27.23,31.32,29.27,25.65,5.24
12,26.03,31.65,31.42,25.92,27.68,31.91,29.73,25.66,5.62
13,26.29,32.24,32.01,26.18,28.12,32.46,30.19,25.67,5.95
14,26.56,32.81,32.57,26.46,28.58,32.98,30.67,25.68,6.24
15,26.85,33.35,33.11,26.74,29.02,33.48,31.14,25.69,6.50
16,27.14,33.85,33.62,27.03,29.48,33.96,31.61,25.71,6.71
17,27.43,34.33,34.10,27.32,29.93,34.41,32.08,25.73,6.90
18,27.72,34.79,34.55,27.60,30.37,34.85,32.54,25.75,7.07
19,28.02,35.22,34.99,27.90,30.81,35.27,32.99,25.77,7.20
20,28.31,35.62,35.40,28.19,31.24,35.67,33.43,25.80,7.32
21,28.59,36.02,35.79,28.48,31.67,36.06,33.85,25.83,7.43
22,28.90,36.39,36.17,28.78,32.09,36.44,34.27,25.86,7.49
23,29.19,36.75,36.53,29.06,32.51,36.82,34.69,25.89,7.56
24,29.48,37.09,36.87,29.35,32.91,37.17,35.08,25.93,7.61
25,29.77,37.42,37.19,29.62,33.32,37.52,35.47,25.97,7.66
26,30.05,37.75,37.51,29.91,33.71,37.87,35.85,26.02,7.70
27,30.34,38.06,37.82,30.18,34.10,38.20,36.21,26.07,7.72
28,30.61,38.36,38.12,30.45,34.48,38.53,36.57,26.12,7.75
29,30.89,38.66,38.41,30.72,34.85,38.85,36.91,26.17,7.77
30,31.16,38.94,38.68,31.00,35.22,39.16,37.24,26.23,7.78
31,31.43,39.21,38.95,31.25,35.58,39.46,37.58,26.28,7.78
32,31.70,39.48,39.21,31.52,35.94,39.76,37.89,26.35,7.78
33,31.97,39.74,39.46,31.78,36.29,40.06,38.19,26.41,7.77
34,32.24,40.00,39.69,32.03,36.63,40.34,38.50,26.48,7.76
35,32.49,40.24,39.93,32.28,36.96,40.61,38.78,26.54,7.75
36,32.75,40.48,40.16,32.53,37.29,40.88,39.06,26.62,7.73
37,33.00,40.71,40.37,32.76,37.61,41.15,39.33,26.69,7.71
38,33.26,40.94,40.58,33.01,37.93,41.41,39.60,26.76,7.68
39,33.50,41.16,40.79,33.24,38.24,41.66,39.85,26.84,7.66
40,33.75,41.38,40.99,33.47,38.54,41.91,40.10,26.92,7.63
41,33.99,41.60,41.19,33.70,38.84,42.15,40.33,27.00,7.60
42,34.23,41.80,41.38,33.92,39.13,42.38,40.57,27.08,7.57
43,34.48,42.01,41.56,34.14,39.42,42.62,40.80,27.16,7.53
44,34.71,42.21,41.74,34.37,39.70,42.85,41.01,27.26,7.50
45,34.94,42.41,41.92,34.58,39.97,43.07,41.23,27.33,7.46
46,35.17,42.59,42.09,34.79,40.25,43.29,41.43,27.42,7.42
47,35.40,42.79,42.26,35.00,40.51,43.51,41.64,27.51,7.39
48,35.62,42.97,42.43,35.21,40.77,43.72,41.83,27.59,7.35
49,35.84,43.16,42.59,35.41,41.02,43.92,42.02,27.68,7.32
50,36.06,43.34,42.75,35.60,41.28,44.13,42.21,27.77,7.28
51,36.28,43.51,42.91,35.80,41.52,44.32,42.39,27.86,7.23
52,36.49,43.66,43.05,36.00,41.76,44.47,42.57,27.96,7.17
53,36.70,43.61,43.03,36.19,41.98,44.32,42.74,28.05,6.90
54,36.90,43.31,42.80,36.37,42.15,43.90,42.86,28.13,6.41
55,37.08,42.86,42.41,36.54,42.23,43.38,42.94,28.23,5.78
56,37.22,42.34,41.94,36.67,42.23,42.83,42.95,28.32,5.12
57,37.33,41.79,41.44,36.76,42.17,42.30,42.90,28.41,4.46
58,37.40,41.25,40.92,36.82,42.05,41.80,42.80,28.50,3.85
59,37.44,40.72,40.41,36.83,41.90,41.32,42.66,28.59,3.28
60,37.44,40.21,39.93,36.83,41.74,40.88,42.48,28.68,2.77
61,37.42,39.74,39.46,36.80,41.54,40.47,42.26,28.77,2.32
62,37.39,39.30,39.01,36.75,41.33,40.10,42.02,28.86,1.91
63,37.33,38.88,38.59,36.68,41.11,39.74,41.78,28.95,1.55
64,37.26,38.49,38.20,36.60,40.90,39.41,41.51,29.03,1.23
65,37.19,38.13,37.83,36.50,40.67,39.10,41.24,29.11,0.946
66,37.10,37.79,37.47,36.41,40.43,38.80,40.96,29.19,0.689
67,37.01,37.47,37.14,36.30,40.20,38.53,40.68,29.27,0.460
68,36.92,37.18,36.84,36.19,39.97,38.27,40.41,29.35,0.264
69,36.82,36.91,36.55,36.08,39.74,38.02,40.13,29.43,0.0951
70,36.71,36.66,36.28,35.96,39.51,37.78,39.86,29.50,-0.0559
71,36.61,36.42,36.03,35.84,39.28,37.56,39.60,29.57,-0.191
72,36.50,36.20,35.80,35.73,39.06,37.35,39.33,29.63,-0.300
73,36.40,36.00,35.58,35.61,38.84,37.14,39.06,29.70,-0.397
74,36.29,35.81,35.37,35.49,38.63,36.95,38.81,29.76,-0.481
75,36.19,35.64,35.18,35.38,38.42,36.77,38.58,29.82,-0.548
76,36.09,35.48,35.01,35.26,38.21,36.59,38.34,29.87,-0.611
77,35.99,35.32,34.84,35.15,38.01,36.42,38.12,29.92,-0.666
78,35.89,35.17,34.69,35.04,37.81,36.27,37.90,29.97,-0.714
79,35.79,35.04,34.55,34.93,37.62,36.11,37.70,30.01,-0.745
80,35.68,34.92,34.41,34.82,37.44,35.96,37.49,30.05,-0.766
81,35.60,34.80,34.29,34.72,37.25,35.81,37.30,30.10,-0.791
82,35.50,34.70,34.18,34.61,37.08,35.68,37.13,30.13,-0.806
83,35.41,34.59,34.07,34.51,36.91,35.55,36.94,30.16,-0.820
84,35.31,34.50,33.97,34.41,36.74,35.43,36.77,30.20,-0.816
85,35.23,34.41,33.87,34.32,36.58,35.31,36.61,30.23,-0.820
86,35.14,34.32,33.79,34.22,36.42,35.19,36.46,30.26,-0.815
87,35.05,34.24,33.71,34.14,36.27,35.08,36.32,30.28,-0.806
88,34.97,34.17,33.63,34.05,36.12,34.97,36.18,30.30,-0.799
89,34.88,34.10,33.55,33.96,35.98,34.87,36.04,30.31,-0.788
90,34.80,34.03,33.48,33.86,35.84,34.78,35.91,30.33,-0.774
91,34.73,33.97,33.42,33.79,35.71,34.68,35.79,30.35,-0.758
92,34.65,33.91,33.36,33.71,35.58,34.59,35.67,30.36,-0.734
93,34.57,33.85,33.30,33.63,35.45,34.50,35.57,30.37,-0.723
94,34.50,33.80,33.25,33.56,35.33,34.42,35.46,30.38,-0.704
95,34.43,33.75,33.20,33.48,35.21,34.34,35.35,30.39,-0.680
96,34.36,33.70,33.16,33.42,35.10,34.26,35.27,30.40,-0.655
97,34.29,33.65,33.11,33.34,34.99,34.19,35.17,30.40,-0.642
98,34.23,33.61,33.07,33.28,34.88,34.11,35.08,30.41,-0.613
99,34.16,33.57,33.04,33.22,34.78,34.05,35.00,30.41,-0.594
100,34.10,33.53,33.00,33.15,34.68,33.98,34.91,30.41,-0.566
101,34.04,33.49,32.97,33.09,34.59,33.92,34.84,30.42,-0.549
102,33.98,33.48,32.95,33.03,34.50,33.91,34.77,30.42,-0.498
103,33.92,33.70,33.10,32.97,34.42,34.22,34.70,30.42,-0.225
104,33.87,34.16,33.48,32.92,34.40,34.79,34.69,30.42,0.286
105,33.84,34.78,34.01,32.89,34.47,35.48,34.75,30.42,0.939
106,33.85,35.48,34.64,32.89,34.62,36.19,34.87,30.42,1.63
107,33.89,36.19,35.30,32.93,34.84,36.89,35.07,30.41,2.30
108,33.97,36.90,35.96,33.01,35.11,37.56,35.33,30.41,2.93
109,34.09,37.59,36.62,33.12,35.42,38.19,35.64,30.41,3.50
110,34.24,38.25,37.26,33.26,35.74,38.78,35.98,30.41,4.01
111,34.41,38.88,37.87,33.42,36.09,39.34,36.34,30.40,4.47
112,34.60,39.47,38.45,33.61,36.45,39.88,36.73,30.40,4.88
113,34.80,40.04,39.01,33.81,36.82,40.37,37.13,30.40,5.23
114,35.03,40.57,39.54,34.02,37.20,40.84,37.53,30.41,5.54
115,35.25,41.07,40.05,34.25,37.57,41.30,37.94,30.41,5.82
116,35.48,41.55,40.52,34.48,37.96,41.73,38.35,30.41,6.06
117,35.72,41.99,40.98,34.72,38.34,42.14,38.76,30.42,6.27
118,35.96,42.42,41.41,34.96,38.71,42.53,39.16,30.43,6.46
119,36.22,42.83,41.82,35.20,39.09,42.91,39.56,30.45,6.61
120,36.46,43.21,42.20,35.45,39.47,43.28,39.95,30.46,6.75
121,36.71,43.57,42.57,35.70,39.83,43.62,40.33,30.47,6.86
122,36.96,43.92,42.91,35.94,40.20,43.96,40.70,30.49,6.97
123,37.20,44.25,43.24,36.17,40.55,44.28,41.06,30.51,7.05
124,37.45,44.57,43.55,36.41,40.91,44.59,41.42,30.54,7.12
125,37.70,44.86,43.85,36.66,41.25,44.90,41.76,30.57,7.16
126,37.93,45.15,44.14,36.89,41.59,45.19,42.09,30.60,7.22
127,38.17,45.42,44.40,37.13,41.93,45.47,42.41,30.64,7.25
128,38.41,45.68,44.66,37.35,42.25,45.75,42.73,30.68,7.27
129,38.65,45.93,44.91,37.58,42.57,46.02,43.03,30.72,7.29
130,38.87,46.18,45.15,37.81,42.88,46.29,43.32,30.76,7.30
131,39.11,46.41,45.38,38.03,43.19,46.54,43.60,30.81,7.31
132,39.34,46.65,45.60,38.25,43.49,46.80,43.87,30.86,7.31
133,39.56,46.87,45.82,38.47,43.79,47.04,44.14,30.91,7.31
134,39.78,47.08,46.02,38.68,44.08,47.27,44.39,30.96,7.30
135,40.00,47.29,46.22,38.89,44.37,47.51,44.64,31.02,7.28
136,40.22,47.49,46.41,39.10,44.64,47.73,44.88,31.08,7.27
137,40.43,47.68,46.59,39.30,44.91,47.94,45.10,31.15,7.24
138,40.64,47.86,46.76,39.50,45.18,48.15,45.32,31.21,7.22
139,40.85,48.04,46.92,39.70,45.44,48.35,45.54,31.27,7.19
140,41.06,48.21,47.08,39.89,45.69,48.55,45.75,31.33,7.15
141,41.26,48.38,47.24,40.08,45.93,48.74,45.94,31.40,7.12
142,41.46,48.54,47.39,40.27,46.18,48.93,46.14,31.47,7.08
143,41.66,48.71,47.54,40.45,46.41,49.12,46.33,31.55,7.05
144,41.85,48.87,47.68,40.63,46.64,49.30,46.51,31.62,7.02
145,42.04,49.03,47.82,40.81,46.87,49.48,46.69,31.69,6.99
146,42.23,49.18,47.96,40.98,47.08,49.65,46.86,31.77,6.95
147,42.41,49.34,48.10,41.15,47.30,49.83,47.03,31.85,6.92
148,42.59,49.48,48.23,41.32,47.52,50.00,47.18,31.92,6.89
149,42.77,49.63,48.36,41.49,47.72,50.17,47.34,32.00,6.86
150,42.95,49.77,48.48,41.65,47.92,50.33,47.50,32.07,6.82
151,43.13,49.92,48.61,41.81,48.12,50.49,47.65,32.15,6.79
152,43.30,50.04,48.73,41.97,48.31,50.61,47.79,32.23,6.74
153,43.47,49.98,48.70,42.12,48.50,50.45,47.93,32.31,6.50
154,43.63,49.66,48.45,42.27,48.63,50.02,48.04,32.40,6.03
155,43.78,49.20,48.06,42.40,48.67,49.47,48.09,32.48,5.42
156,43.89,48.66,47.57,42.50,48.63,48.88,48.08,32.56,4.77
157,43.97,48.08,47.04,42.56,48.54,48.32,48.01,32.63,4.11
158,44.00,47.51,46.51,42.59,48.39,47.78,47.89,32.71,3.51
159,44.00,46.96,45.98,42.59,48.20,47.27,47.72,32.79,2.95
160,43.97,46.43,45.47,42.55,48.00,46.80,47.51,32.87,2.46
161,43.92,45.92,44.98,42.49,47.77,46.36,47.28,32.95,2.00
162,43.85,45.45,44.51,42.41,47.53,45.96,47.03,33.03,1.60
163,43.76,45.01,44.07,42.31,47.28,45.57,46.76,33.11,1.25
164,43.67,44.60,43.65,42.21,47.03,45.21,46.47,33.19,0.933
165,43.56,44.21,43.26,42.09,46.76,44.87,46.18,33.25,0.654
166,43.44,43.85,42.89,41.96,46.50,44.55,45.89,33.33,0.409
167,43.32,43.52,42.52,41.80,46.24,44.26,45.57,33.39,0.195
168,43.19,43.20,42.20,41.67,45.97,43.97,45.27,33.45,0.00583
169,43.06,42.90,41.90,41.54,45.71,43.69,44.98,33.52,-0.160
170,42.93,42.63,41.62,41.41,45.45,43.43,44.69,33.59,-0.302
171,42.80,42.37,41.35,41.26,45.20,43.19,44.42,33.65,-0.435
172,42.67,42.13,41.10,41.13,44.95,42.95,44.14,33.71,-0.540
173,42.53,41.90,40.86,40.99,44.70,42.72,43.87,33.76,-0.632
174,42.40,41.69,40.64,40.85,44.46,42.50,43.61,33.81,-0.710
175,42.27,41.49,40.43,40.71,44.21,42.30,43.35,33.87,-0.776
176,42.14,41.30,40.24,40.57,43.98,42.09,43.10,33.91,-0.835
177,42.00,41.12,40.06,40.44,43.75,41.90,42.86,33.95,-0.882
178,41.88,40.96,39.88,40.30,43.53,41.72,42.64,33.99,-0.923
179,41.75,40.80,39.72,40.17,43.31,41.54,42.41,34.03,-0.956
180,41.63,40.65,39.56,40.04,43.09,41.36,42.20,34.06,-0.982
181,41.50,40.50,39.42,39.92,42.89,41.20,41.98,34.09,-1.00
182,41.38,40.37,39.28,39.79,42.68,41.04,41.79,34.12,-1.01
183,41.26,40.24,39.15,39.66,42.49,40.89,41.60,34.15,-1.02
184,41.14,40.12,39.03,39.54,42.29,40.74,41.41,34.17,-1.02
185,41.02,40.01,38.91,39.43,42.11,40.59,41.23,34.18,-1.01
186,40.91,39.90,38.81,39.31,41.92,40.45,41.06,34.20,-1.01
187,40.80,39.80,38.70,39.20,41.75,40.32,40.90,34.21,-1.00
188,40.69,39.70,38.61,39.09,41.58,40.19,40.74,34.23,-0.989
189,40.58,39.60,38.51,38.97,41.41,40.07,40.59,34.24,-0.972
190,40.47,39.51,38.42,38.87,41.24,39.95,40.44,34.25,-0.956
191,40.37,39.43,38.35,38.77,41.09,39.84,40.30,34.26,-0.936
192,40.27,39.35,38.27,38.66,40.94,39.73,40.18,34.27,-0.919
193,40.17,39.28,38.19,38.57,40.79,39.63,40.05,34.27,-0.891
194,40.07,39.21,38.13,38.47,40.64,39.53,39.92,34.26,-0.863
195,39.98,39.14,38.07,38.38,40.50,39.44,39.80,34.27,-0.837
196,39.88,39.07,38.00,38.28,40.37,39.34,39.69,34.27,-0.809
197,39.79,39.01,37.94,38.19,40.24,39.25,39.58,34.27,-0.778
198,39.70,38.95,37.89,38.11,40.12,39.17,39.48,34.26,-0.746
199,39.61,38.89,37.83,38.02,40.00,39.08,39.38,34.26,-0.718
200,39.53,38.83,37.79,37.94,39.88,39.00,39.29,34.25,-0.696
201,39.45,38.78,37.74,37.86,39.76,38.92,39.20,34.24,-0.663
202,39.36,38.75,37.70,37.78,39.65,38.89,39.11,34.23,-0.614
203,39.28,38.93,37.82,37.71,39.55,39.16,39.04,34.23,-0.352
204,39.21,39.36,38.18,37.64,39.52,39.70,39.01,34.22,0.154
205,39.16,39.94,38.68,37.59,39.56,40.36,39.04,34.21,0.784
206,39.14,40.60,39.27,37.57,39.68,41.04,39.15,34.20,1.46
207,39.16,41.28,39.90,37.60,39.87,41.71,39.33,34.19,2.12
208,39.22,41.95,40.53,37.65,40.13,42.34,39.57,34.18,2.73
209,39.31,42.62,41.16,37.74,40.40,42.95,39.85,34.17,3.30
210,39.44,43.24,41.77,37.86,40.70,43.51,40.17,34.16,3.81
211,39.58,43.84,42.35,38.01,41.03,44.05,40.52,34.15,4.26
212,39.75,44.41,42.92,38.17,41.36,44.56,40.88,34.14,4.66
213,39.93,44.95,43.45,38.35,41.71,45.03,41.25,34.14,5.02
214,40.12,45.45,43.95,38.55,42.06,45.49,41.64,34.13,5.33
215,40.32,45.93,44.43,38.75,42.42,45.91,42.02,34.13,5.60
216,40.53,46.37,44.88,38.96,42.77,46.32,42.42,34.12,5.84
217,40.75,46.79,45.30,39.18,43.13,46.70,42.81,34.13,6.04
218,40.97,47.19,45.71,39.40,43.48,47.07,43.19,34.12,6.22
219,41.19,47.57,46.09,39.62,43.83,47.42,43.56,34.12,6.38
220,41.41,47.92,46.45,39.84,44.18,47.76,43.93,34.13,6.51
221,41.64,48.27,46.79,40.07,44.52,48.09,44.28,34.15,6.63
222,41.86,48.58,47.11,40.29,44.86,48.40,44.64,34.16,6.72
223,42.08,48.89,47.42,40.51,45.19,48.70,44.98,34.17,6.81
224,42.30,49.18,47.71,40.73,45.52,49.00,45.31,34.19,6.88
225,42.52,49.46,48.00,40.95,45.85,49.29,45.64,34.20,6.94
226,42.74,49.73,48.27,41.17,46.16,49.57,45.96,34.23,7.00
227,42.95,49.99,48.52,41.38,46.48,49.84,46.26,34.26,7.03
228,43.17,50.24,48.77,41.58,46.78,50.11,46.56,34.29,7.07
229,43.38,50.47,49.00,41.80,47.08,50.36,46.84,34.32,7.09
230,43.59,50.70,49.23,42.01,47.38,50.61,47.12,34.36,7.11
231,43.80,50.92,49.44,42.21,47.67,50.85,47.39,34.40,7.12
232,44.01,51.13,49.64,42.41,47.95,51.08,47.65,34.45,7.13
233,44.21,51.33,49.84,42.61,48.23,51.31,47.90,34.49,7.13
234,44.41,51.53,50.03,42.80,48.50,51.52,48.15,34.53,7.12
235,44.61,51.72,50.21,43.00,48.76,51.74,48.38,34.58,7.11
236,44.81,51.90,50.38,43.19,49.02,51.95,48.60,34.63,7.09
237,45.00,52.08,50.55,43.37,49.28,52.15,48.82,34.68,7.08
238,45.19,52.25,50.71,43.55,49.52,52.35,49.03,34.73,7.06
239,45.38,52.42,50.87,43.73,49.77,52.54,49.24,34.79,7.04
240,45.57,52.58,51.03,43.91,50.01,52.73,49.43,34.85,7.02
241,45.75,52.74,51.17,44.08,50.23,52.91,49.62,34.91,6.99
242,45.93,52.90,51.32,44.26,50.46,53.10,49.81,34.98,6.97
243,46.11,53.05,51.42,44.39,50.68,53.28,49.95,35.03,6.95
244,46.28,53.21,51.58,44.56,50.90,53.46,50.12,35.08,6.93
245,46.46,53.37,51.73,44.73,51.11,53.64,50.29,35.15,6.91
246,46.63,53.52,51.87,44.90,51.33,53.81,50.46,35.22,6.89
247,46.80,53.67,52.00,45.06,51.54,53.98,50.62,35.30,6.87
248,46.97,53.81,52.13,45.22,51.74,54.15,50.77,35.36,6.84
249,47.14,53.95,52.26,45.37,51.94,54.31,50.93,35.43,6.82
250,47.30,54.09,52.38,45.52,52.13,54.47,51.07,35.51,6.79
251,47.47,54.23,52.50,45.68,52.33,54.61,51.21,35.58,6.76
252,47.63,54.33,52.61,45.83,52.51,54.72,51.35,35.65,6.71
253,47.78,54.25,52.56,45.97,52.68,54.54,51.47,35.72,6.48
254,47.93,53.92,52.30,46.10,52.79,54.08,51.57,35.79,5.99
255,48.06,53.44,51.88,46.22,52.83,53.51,51.61,35.87,5.38
256,48.16,52.87,51.38,46.31,52.78,52.90,51.59,35.94,4.71
257,48.21,52.28,50.84,46.37,52.66,52.31,51.51,36.01,4.06
258,48.24,51.69,50.29,46.38,52.50,51.74,51.37,36.08,3.46
259,48.23,51.12,49.74,46.36,52.30,51.22,51.19,36.16,2.89
260,48.18,50.56,49.22,46.31,52.07,50.73,50.98,36.23,2.38
261,48.12,50.05,48.71,46.24,51.82,50.27,50.74,36.30,1.93
262,48.02,49.56,48.23,46.15,51.56,49.85,50.48,36.37,1.54
263,47.92,49.10,47.78,46.04,51.29,49.45,50.20,36.44,1.18
264,47.81,48.67,47.35,45.92,51.03,49.08,49.91,36.51,0.855
265,47.68,48.27,46.94,45.79,50.74,48.72,49.61,36.57,0.591
266,47.55,47.89,46.56,45.65,50.46,48.39,49.31,36.63,0.340
267,47.41,47.54,46.20,45.50,50.18,48.07,49.00,36.69,0.128
268,47.27,47.21,45.86,45.35,49.91,47.76,48.71,36.76,-0.0606
269,47.12,46.89,45.54,45.20,49.63,47.47,48.41,36.81,-0.230
270,46.97,46.60,45.24,45.05,49.35,47.20,48.11,36.87,-0.370
271,46.83,46.33,44.97,44.90,49.08,46.94,47.82,36.92,-0.501
272,46.68,46.07,44.70,44.74,48.82,46.68,47.54,36.97,-0.608
273,46.53,45.83,44.46,44.59,48.55,46.44,47.26,37.02,-0.702
274,46.38,45.60,44.22,44.43,48.30,46.21,46.99,37.06,-0.785
275,46.23,45.38,44.00,44.28,48.04,45.99,46.72,37.10,-0.851
276,46.09,45.18,43.79,44.13,47.79,45.77,46.47,37.14,-0.909
277,45.94,44.99,43.59,43.98,47.55,45.57,46.22,37.17,-0.954
278,45.80,44.81,43.41,43.84,47.31,45.36,45.98,37.20,-0.991
279,45.65,44.63,43.24,43.69,47.07,45.17,45.75,37.23,-1.02
280,45.51,44.47,43.07,43.55,46.84,44.98,45.53,37.25,-1.04
281,45.38,44.32,42.92,43.41,46.62,44.80,45.32,37.28,-1.06
282,45.24,44.17,42.77,43.27,46.40,44.63,45.12,37.30,-1.07
283,45.10,44.02,42.63,43.14,46.19,44.46,44.92,37.32,-1.08
284,44.97,43.89,42.50,43.01,45.99,44.30,44.73,37.34,-1.08
285,44.84,43.76,42.37,42.88,45.78,44.14,44.54,37.35,-1.08
286,44.71,43.64,42.25,42.75,45.59,43.99,44.37,37.36,-1.07
287,44.58,43.52,42.14,42.63,45.39,43.85,44.20,37.37,-1.06
288,44.46,43.41,42.02,42.50,45.20,43.70,44.04,37.38,-1.05
289,44.33,43.30,41.92,42.38,45.02,43.56,43.88,37.37,-1.04
290,44.21,43.19,41.82,42.27,44.85,43.43,43.73,37.37,-1.02
291,44.09,43.09,41.73,42.15,44.68,43.30,43.58,37.38,-1.00
292,43.98,43.00,41.64,42.04,44.50,43.18,43.44,37.37,-0.985
293,43.86,42.90,41.55,41.93,44.34,43.05,43.31,37.38,-0.962
294,43.75,42.82,41.47,41.83,44.19,42.93,43.18,37.37,-0.935
295,43.64,42.73,41.39,41.72,44.03,42.82,43.06,37.36,-0.915
296,43.53,42.64,41.31,41.62,43.88,42.70,42.94,37.36,-0.891
297,43.43,42.56,41.24,41.52,43.73,42.60,42.82,37.35,-0.860
298,43.32,42.49,41.17,41.43,43.59,42.50,42.72,37.34,-0.838
299,43.22,42.41,41.10,41.32,43.45,42.40,42.62,37.33,-0.809
300,43.12,42.33,41.04,41.23,43.32,42.30,42.51,37.32,-0.789
301,43.02,42.26,40.98,41.14,43.19,42.20,42.42,37.32,-0.760
302,42.92,42.21,40.94,41.05,43.06,42.15,42.33,37.30,-0.711
303,42.83,42.37,41.04,40.96,42.94,42.41,42.24,37.28,-0.454
304,42.74,42.79,41.38,40.89,42.89,42.94,42.20,37.27,0.0481
305,42.67,43.37,41.88,40.82,42.92,43.59,42.23,37.25,0.692
306,42.64,44.01,42.46,40.80,43.03,44.27,42.34,37.23,1.36
307,42.65,44.68,43.08,40.80,43.21,44.92,42.51,37.23,2.03
308,42.69,45.33,43.70,40.85,43.44,45.55,42.74,37.21,2.64
309,42.77,45.97,44.31,40.92,43.70,46.13,43.02,37.19,3.20
310,42.88,46.59,44.90,41.03,43.99,46.68,43.34,37.18,3.71
311,43.01,47.16,45.47,41.17,44.30,47.20,43.68,37.16,4.15
312,43.16,47.70,46.01,41.32,44.62,47.68,44.04,37.15,4.54
313,43.33,48.22,46.53,41.49,44.95,48.13,44.41,37.13,4.89
314,43.51,48.70,47.01,41.68,45.28,48.56,44.79,37.12,5.19
315,43.70,49.15,47.47,41.86,45.62,48.97,45.17,37.11,5.45
316,43.89,49.58,47.90,42.06,45.96,49.36,45.55,37.11,5.69
317,44.09,49.98,48.31,42.27,46.30,49.73,45.94,37.10,5.89
318,44.29,50.36,48.70,42.47,46.63,50.08,46.31,37.10,6.07
319,44.50,50.72,49.06,42.68,46.96,50.42,46.68,37.09,6.22
320,44.70,51.06,49.41,42.89,47.30,50.75,47.04,37.09,6.36
321,44.91,51.39,49.75,43.11,47.63,51.06,47.40,37.10,6.48
322,45.11,51.70,50.06,43.31,47.95,51.37,47.74,37.10,6.58
323,45.33,51.99,50.35,43.52,48.27,51.66,48.08,37.11,6.66
324,45.53,52.27,50.64,43.73,48.57,51.94,48.41,37.13,6.74
325,45.73,52.54,50.91,43.94,48.89,52.22,48.72,37.14,6.80
326,45.93,52.80,51.17,44.14,49.19,52.49,49.03,37.16,6.86
327,46.14,53.04,51.41,44.34,49.49,52.75,49.33,37.18,6.91
328,46.34,53.28,51.65,44.55,49.78,53.00,49.62,37.20,6.94
329,46.54,53.50,51.88,44.74,50.07,53.24,49.89,37.23,6.97
330,46.73,53.72,52.09,44.94,50.35,53.48,50.16,37.26,6.99
331,46.92,53.92,52.29,45.13,50.63,53.70,50.42,37.30,7.00
332,47.12,54.13,52.49,45.31,50.91,53.92,50.67,37.33,7.01
333,47.30,54.31,52.68,45.51,51.17,54.14,50.92,37.36,7.01
334,47.50,54.50,52.85,45.69,51.43,54.36,51.14,37.41,7.01
335,47.68,54.68,53.03,45.87,51.68,54.56,51.37,37.45,7.00
336,47.87,54.86,53.20,46.05,51.93,54.76,51.59,37.50,6.99
337,48.05,55.03,53.36,46.23,52.17,54.96,51.80,37.55,6.98
338,48.23,55.19,53.52,46.40,52.41,55.14,52.00,37.60,6.96
339,48.40,55.35,53.67,46.57,52.64,55.32,52.20,37.64,6.95
340,48.57,55.50,53.81,46.74,52.86,55.50,52.38,37.70,6.93
341,48.75,55.65,53.95,46.90,53.09,55.67,52.57,37.75,6.90
342,48.91,55.79,54.08,47.07,53.30,55.85,52.74,37.81,6.88
343,49.08,55.94,54.21,47.22,53.51,56.01,52.91,37.87,6.86
344,49.24,56.08,54.34,47.38,53.71,56.16,53.08,37.93,6.83
345,49.41,56.21,54.46,47.53,53.91,56.33,53.23,37.99,6.80
346,49.56,56.34,54.58,47.68,54.11,56.47,53.39,38.05,6.78
347,49.72,56.46,54.70,47.83,54.30,56.63,53.53,38.12,6.74
348,49.88,56.59,54.81,47.98,54.49,56.77,53.67,38.18,6.72
349,50.03,56.71,54.92,48.12,54.67,56.92,53.82,38.24,6.68
350,50.18,56.83,55.03,48.26,54.85,57.05,53.95,38.31,6.65
351,50.33,56.95,55.13,48.40,55.03,57.19,54.08,38.38,6.62
352,50.47,57.04,55.22,48.53,55.20,57.27,54.20,38.44,6.57
353,50.61,56.94,55.15,48.66,55.35,57.06,54.31,38.51,6.32
354,50.75,56.59,54.86,48.78,55.45,56.60,54.38,38.56,5.84
355,50.86,56.09,54.45,48.89,55.47,56.02,54.42,38.63,5.23
356,50.94,55.52,53.94,48.97,55.40,55.42,54.39,38.70,4.58
357,50.99,54.94,53.40,49.01,55.28,54.83,54.29,38.77,3.95
358,51.00,54.35,52.85,49.01,55.09,54.27,54.15,38.84,3.35
359,50.97,53.78,52.31,48.98,54.88,53.75,53.96,38.91,2.81
360,50.92,53.23,51.79,48.93,54.65,53.26,53.74,38.98,2.32
361,50.84,52.72,51.28,48.84,54.40,52.81,53.50,39.05,1.88
362,50.74,52.23,50.80,48.74,54.13,52.38,53.23,39.11,1.49
363,50.63,51.77,50.35,48.62,53.86,51.98,52.94,39.17,1.14
364,50.51,51.34,49.92,48.50,53.58,51.60,52.65,39.24,0.836
365,50.37,50.94,49.52,48.36,53.30,51.25,52.35,39.29,0.563
366,50.23,50.56,49.14,48.21,53.01,50.91,52.05,39.35,0.326
367,50.09,50.20,48.78,48.06,52.73,50.59,51.74,39.41,0.117
368,49.94,49.87,48.44,47.91,52.45,50.28,51.43,39.46,-0.0652
369,49.79,49.56,48.12,47.75,52.17,49.99,51.13,39.52,-0.227
370,49.63,49.26,47.82,47.59,51.89,49.71,50.84,39.56,-0.372
371,49.46,48.97,47.54,47.44,51.59,49.43,50.54,39.62,-0.484
372,49.29,48.70,47.27,47.27,51.31,49.18,50.26,39.66,-0.582
373,49.14,48.46,47.01,47.11,51.04,48.94,49.98,39.70,-0.673
374,48.98,48.24,46.78,46.95,50.78,48.70,49.70,39.74,-0.749
375,48.83,48.01,46.56,46.80,50.53,48.47,49.44,39.78,-0.819
376,48.68,47.80,46.34,46.64,50.27,48.25,49.18,39.81,-0.877
377,48.52,47.61,46.14,46.49,50.02,48.04,48.93,39.84,-0.916
378,48.38,47.43,45.95,46.34,49.78,47.83,48.68,39.86,-0.947
379,48.23,47.24,45.77,46.19,49.54,47.63,48.45,39.89,-0.990
380,48.08,47.07,45.60,46.04,49.31,47.44,48.23,39.91,-1.01
381,47.93,46.91,45.44,45.90,49.08,47.26,48.01,39.93,-1.02
382,47.79,46.75,45.29,45.75,48.86,47.08,47.80,39.94,-1.04
383,47.65,46.61,45.14,45.61,48.64,46.90,47.59,39.95,-1.03
384,47.50,46.46,45.01,45.48,48.42,46.73,47.40,39.96,-1.04
385,47.34,46.32,44.89,45.34,48.19,46.56,47.21,39.97,-1.03
386,47.21,46.19,44.75,45.21,47.99,46.41,47.03,39.98,-1.02
387,47.08,46.07,44.64,45.08,47.80,46.26,46.86,39.98,-1.01
388,46.95,45.96,44.52,44.95,47.62,46.11,46.69,39.98,-0.998
389,46.83,45.84,44.42,44.83,47.43,45.97,46.53,39.98,-0.987
390,46.70,45.73,44.31,44.71,47.25,45.83,46.37,39.98,-0.970
391,46.58,45.62,44.21,44.59,47.07,45.70,46.22,39.97,-0.952
392,46.45,45.52,44.12,44.47,46.89,45.56,46.07,39.96,-0.931
393,46.33,45.42,44.02,44.36,46.73,45.43,45.94,39.95,-0.907
394,46.21,45.33,43.93,44.25,46.57,45.31,45.80,39.94,-0.886
395,46.10,45.23,43.85,44.14,46.41,45.19,45.67,39.93,-0.867
396,45.98,45.14,43.76,44.03,46.25,45.08,45.55,39.93,-0.837
397,45.87,45.06,43.69,43.92,46.10,44.97,45.43,39.91,-0.817
398,45.76,44.97,43.61,43.81,45.96,44.86,45.31,39.90,-0.783
399,45.65,44.89,43.54,43.72,45.81,44.75,45.20,39.88,-0.755
400,45.54,44.81,43.47,43.61,45.68,44.65,45.10,39.86,-0.729
401,45.44,44.74,43.40,43.52,45.54,44.55,44.99,39.85,-0.702
402,45.33,44.68,43.35,43.43,45.42,44.50,44.89,39.83,-0.651
403,45.23,44.83,43.45,43.34,45.30,44.75,44.80,39.81,-0.402
404,45.14,45.23,43.78,43.25,45.24,45.26,44.75,39.78,0.0909
405,45.07,45.80,44.26,43.19,45.26,45.90,44.78,39.77,0.729
406,45.03,46.42,44.82,43.15,45.36,46.56,44.87,39.75,1.39
407,45.03,47.07,45.43,43.15,45.54,47.20,45.04,39.73,2.05
408,45.07,47.72,46.04,43.19,45.76,47.82,45.26,39.70,2.65
409,45.14,48.35,46.64,43.26,46.01,48.40,45.52,39.68,3.21
410,45.24,48.95,47.22,43.37,46.30,48.95,45.84,39.66,3.71
411,45.36,49.53,47.78,43.49,46.60,49.46,46.16,39.64,4.17
412,45.50,50.07,48.32,43.64,46.92,49.95,46.51,39.62,4.56
413,45.66,50.57,48.83,43.80,47.24,50.40,46.87,39.60,4.91
414,45.84,51.05,49.31,43.98,47.57,50.82,47.24,39.59,5.21
415,46.01,51.50,49.76,44.16,47.90,51.22,47.61,39.57,5.48
416,46.20,51.91,50.19,44.35,48.24,51.60,47.98,39.56,5.71
417,46.40,52.32,50.59,44.55,48.56,51.97,48.35,39.55,5.92
418,46.59,52.69,50.97,44.75,48.90,52.32,48.71,39.54,6.10
419,46.78,53.04,51.34,44.96,49.23,52.67,49.08,39.53,6.26
420,46.98,53.39,51.69,45.16,49.55,52.99,49.43,39.53,6.41
421,47.19,53.72,52.01,45.36,49.88,53.32,49.78,39.53,6.53
422,47.39,54.03,52.33,45.56,50.20,53.62,50.12,39.53,6.64
423,47.59,54.33,52.63,45.77,50.52,53.92,50.45,39.53,6.74
424,47.79,54.61,52.90,45.97,50.83,54.21,50.76,39.54,6.82
425,47.99,54.88,53.16,46.16,51.14,54.49,51.06,39.54,6.90
426,48.19,55.14,53.43,46.37,51.45,54.75,51.36,39.56,6.95
427,48.39,55.38,53.68,46.57,51.74,55.01,51.67,39.58,6.99
428,48.59,55.62,53.91,46.77,52.03,55.27,51.95,39.59,7.03
429,48.78,55.84,54.14,46.96,52.32,55.51,52.23,39.61,7.06
430,48.97,56.06,54.36,47.16,52.60,55.74,52.49,39.64,7.08
431,49.17,56.27,54.56,47.34,52.88,55.98,52.75,39.67,7.10
432,49.36,56.48,54.76,47.53,53.15,56.21,53.00,39.70,7.12
433,49.54,56.68,54.96,47.72,53.41,56.43,53.24,39.73,7.13
434,49.73,56.87,55.14,47.90,53.68,56.65,53.48,39.78,7.14
435,49.91,57.06,55.33,48.08,53.93,56.87,53.70,39.81,7.14
436,50.10,57.24,55.50,48.26,54.19,57.07,53.91,39.85,7.14
437,50.28,57.41,55.67,48.43,54.43,57.27,54.12,39.89,7.14
438,50.46,57.58,55.82,48.60,54.67,57.46,54.31,39.93,7.12
439,50.63,57.74,55.97,48.77,54.91,57.65,54.51,39.98,7.11
440,50.81,57.90,56.11,48.94,55.14,57.83,54.68,40.03,7.09
441,50.98,58.04,56.25,49.10,55.36,57.99,54.86,40.07,7.07
442,51.15,58.19,56.39,49.26,55.57,58.16,55.04,40.13,7.04
443,51.32,58.33,56.52,49.42,55.78,58.33,55.20,40.18,7.01
444,51.48,58.46,56.64,49.57,55.98,58.46,55.37,40.23,6.98
445,51.64,58.58,56.76,49.73,56.18,58.61,55.52,40.28,6.95
446,51.80,58.71,56.87,49.88,56.37,58.75,55.66,40.34,6.91
447,51.95,58.83,56.95,50.01,56.56,58.89,55.78,40.38,6.88
448,52.11,58.95,57.07,50.15,56.75,59.04,55.91,40.44,6.85
449,52.26,59.07,57.17,50.31,56.93,59.18,56.05,40.50,6.81
450,52.41,59.18,57.27,50.44,57.11,59.31,56.19,40.58,6.77
451,52.55,59.29,57.37,50.58,57.28,59.44,56.32,40.64,6.74
452,52.70,59.37,57.45,50.71,57.45,59.52,56.44,40.70,6.68
453,52.84,59.26,57.38,50.84,57.60,59.30,56.55,40.77,6.42
454,52.97,58.90,57.09,50.96,57.69,58.82,56.63,40.83,5.93
455,53.08,58.39,56.65,51.06,57.70,58.23,56.65,40.89,5.31
456,53.15,57.81,56.14,51.13,57.63,57.61,56.61,40.95,4.66
457,53.19,57.20,55.58,51.17,57.50,57.02,56.51,41.01,4.01
458,53.19,56.60,55.02,51.16,57.32,56.44,56.36,41.08,3.41
459,53.16,56.02,54.46,51.13,57.10,55.90,56.16,41.14,2.85
460,53.10,55.46,53.92,51.06,56.86,55.40,55.93,41.19,2.35
461,53.02,54.93,53.41,50.97,56.60,54.93,55.66,41.24,1.91
462,52.91,54.43,52.92,50.86,56.33,54.50,55.38,41.30,1.52
463,52.79,53.96,52.46,50.74,56.04,54.09,55.09,41.37,1.17
464,52.66,53.52,52.02,50.60,55.75,53.71,54.79,41.43,0.854
465,52.52,53.11,51.61,50.46,55.46,53.34,54.49,41.49,0.585
466,52.37,52.72,51.21,50.31,55.17,53.00,54.17,41.53,0.344
467,52.22,52.35,50.85,50.15,54.88,52.66,53.86,41.59,0.132
468,52.06,52.01,50.49,49.99,54.59,52.35,53.55,41.64,-0.0529
469,51.90,51.68,50.17,49.83,54.30,52.05,53.24,41.69,-0.218
470,51.74,51.38,49.86,49.66,54.01,51.76,52.94,41.74,-0.368
471,51.58,51.09,49.57,49.49,53.72,51.49,52.64,41.78,-0.490
472,51.42,50.82,49.29,49.33,53.44,51.22,52.35,41.82,-0.596
473,51.25,50.56,49.04,49.16,53.16,50.96,52.07,41.86,-0.686
474,51.08,50.32,48.79,48.99,52.89,50.72,51.79,41.89,-0.759
475,50.92,50.09,48.55,48.83,52.62,50.49,51.51,41.93,-0.832
476,50.76,49.88,48.33,48.67,52.35,50.26,51.25,41.96,-0.882
477,50.60,49.67,48.13,48.51,52.10,50.04,50.99,41.97,-0.927
478,50.45,49.48,47.93,48.35,51.85,49.83,50.75,42.00,-0.972
479,50.29,49.29,47.75,48.19,51.60,49.62,50.51,42.01,-0.996
480,50.13,49.12,47.57,48.04,51.36,49.43,50.27,42.02,-1.02
481,49.98,48.95,47.40,47.89,51.12,49.23,50.05,42.04,-1.04
482,49.83,48.78,47.24,47.74,50.89,49.05,49.84,42.05,-1.05
483,49.68,48.63,47.09,47.59,50.66,48.86,49.63,42.06,-1.05
484,49.53,48.48,46.95,47.45,50.44,48.69,49.43,42.06,-1.05
485,49.38,48.34,46.81,47.31,50.23,48.52,49.24,42.07,-1.04
486,49.24,48.20,46.67,47.17,50.02,48.36,49.05,42.07,-1.04
487,49.10,48.07,46.55,47.03,49.82,48.20,48.87,42.07,-1.02
488,48.96,47.95,46.43,46.90,49.62,48.05,48.70,42.06,-1.02
489,48.82,47.82,46.32,46.77,49.42,47.90,48.53,42.06,-0.998
490,48.68,47.70,46.21,46.64,49.23,47.75,48.37,42.05,-0.972
491,48.55,47.59,46.10,46.51,49.05,47.61,48.22,42.04,-0.955
492,48.42,47.48,46.00,46.39,48.86,47.48,48.07,42.02,-0.937
493,48.29,47.38,45.90,46.27,48.69,47.35,47.92,42.02,-0.915
494,48.17,47.28,45.81,46.16,48.52,47.21,47.79,42.00,-0.892
495,48.05,47.18,45.72,46.04,48.35,47.09,47.66,41.99,-0.867
496,47.93,47.08,45.64,45.92,48.19,46.97,47.53,41.97,-0.844
497,47.80,46.99,45.55,45.81,48.04,46.85,47.41,41.95,-0.811
498,47.68,46.90,45.47,45.71,47.88,46.74,47.28,41.93,-0.786
499,47.57,46.81,45.39,45.60,47.73,46.63,47.17,41.91,-0.761
500,47.45,46.72,45.31,45.49,47.59,46.52,47.06,41.89,-0.728
501,47.34,46.64,45.24,45.39,47.45,46.41,46.95,41.87,-0.698
502,47.24,46.58,45.18,45.29,47.31,46.35,46.85,41.85,-0.658
503,47.13,46.73,45.28,45.19,47.19,46.61,46.76,41.82,-0.393
504,47.03,47.14,45.61,45.11,47.12,47.13,46.71,41.80,0.114
505,46.95,47.70,46.10,45.03,47.14,47.76,46.73,41.78,0.746
506,46.91,48.33,46.66,45.00,47.25,48.42,46.82,41.75,1.42
507,46.90,48.98,47.27,44.99,47.42,49.07,46.99,41.73,2.08
508,46.93,49.62,47.88,45.03,47.63,49.68,47.21,41.70,2.69
509,47.00,50.25,48.48,45.10,47.89,50.25,47.48,41.68,3.24
510,47.10,50.85,49.06,45.19,48.17,50.80,47.78,41.65,3.75
511,47.22,51.41,49.62,45.32,48.46,51.31,48.11,41.62,4.20
512,47.36,51.95,50.15,45.46,48.77,51.78,48.45,41.60,4.59
513,47.52,52.46,50.65,45.62,49.09,52.23,48.82,41.58,4.94
514,47.68,52.93,51.14,45.80,49.42,52.67,49.20,41.57,5.25
515,47.86,53.38,51.58,45.98,49.75,53.07,49.57,41.55,5.52
516,48.04,53.80,52.01,46.17,50.08,53.46,49.94,41.53,5.76
517,48.23,54.21,52.42,46.36,50.41,53.83,50.30,41.51,5.98
518,48.42,54.60,52.81,46.56,50.74,54.21,50.66,41.50,6.17
519,48.62,54.97,53.18,46.75,51.07,54.56,51.02,41.49,6.35
520,48.82,55.33,53.54,46.96,51.40,54.90,51.36,41.48,6.51
521,49.02,55.65,53.88,47.16,51.73,55.23,51.70,41.47,6.63
522,49.22,55.98,54.21,47.37,52.06,55.54,52.03,41.46,6.75
523,49.42,56.28,54.51,47.57,52.38,55.85,52.36,41.46,6.86
524,49.62,56.57,54.80,47.77,52.70,56.13,52.68,41.47,6.94
525,49.83,56.84,55.08,47.98,53.01,56.41,52.98,41.48,7.02
526,50.02,57.10,55.33,48.18,53.32,56.68,53.28,41.49,7.07
527,50.22,57.34,55.57,48.38,53.62,56.93,53.56,41.50,7.11
528,50.42,57.56,55.80,48.57,53.91,57.17,53.84,41.51,7.14
529,50.62,57.78,56.01,48.77,54.20,57.39,54.11,41.53,7.15
530,50.81,57.98,56.21,48.96,54.47,57.61,54.37,41.55,7.16
531,51.00,58.17,56.40,49.15,54.75,57.83,54.62,41.58,7.17
532,51.19,58.36,56.58,49.33,55.01,58.04,54.86,41.61,7.17
533,51.38,58.54,56.76,49.51,55.27,58.24,55.09,41.64,7.16
534,51.55,58.70,56.93,49.69,55.51,58.43,55.32,41.67,7.16
535,51.73,58.87,57.09,49.86,55.76,58.64,55.55,41.72,7.14
536,51.90,59.03,57.24,50.03,56.00,58.83,55.75,41.75,7.13
537,52.08,59.19,57.38,50.20,56.23,59.01,55.94,41.78,7.11
538,52.25,59.34,57.53,50.36,56.46,59.18,56.14,41.82,7.09
539,52.42,59.48,57.65,50.52,56.69,59.35,56.31,41.86,7.06
540,52.57,59.60,57.80,50.69,56.86,59.47,56.50,41.91,7.03
541,52.73,59.74,57.92,50.85,57.08,59.64,56.67,41.96,7.01
542,52.90,59.88,58.04,50.99,57.29,59.82,56.83,42.00,6.98
543,53.05,60.01,58.16,51.14,57.49,59.97,56.99,42.05,6.96
544,53.21,60.14,58.28,51.29,57.68,60.12,57.14,42.10,6.93
545,53.37,60.27,58.38,51.43,57.88,60.27,57.28,42.16,6.90
546,53.52,60.38,58.49,51.58,58.06,60.41,57.42,42.21,6.86
547,53.66,60.49,58.58,51.71,58.25,60.54,57.56,42.26,6.83
548,53.81,60.60,58.69,51.85,58.42,60.67,57.68,42.31,6.80
549,53.95,60.71,58.78,51.98,58.60,60.81,57.81,42.37,6.76
550,54.09,60.82,58.87,52.11,58.77,60.93,57.92,42.42,6.72
551,54.22,60.91,58.97,52.25,58.92,61.03,58.04,42.48,6.69
552,54.32,60.95,59.05,52.37,59.05,61.07,58.16,42.55,6.63
553,54.46,60.85,58.97,52.50,59.19,60.87,58.27,42.60,6.39
554,54.60,60.50,58.68,52.62,59.29,60.40,58.33,42.66,5.91
555,54.70,60.00,58.24,52.71,59.29,59.81,58.35,42.72,5.29
556,54.77,59.42,57.71,52.77,59.22,59.19,58.30,42.77,4.64
557,54.81,58.81,57.16,52.80,59.08,58.58,58.19,42.83,4.00
558,54.81,58.20,56.58,52.79,58.89,58.00,58.02,42.89,3.39
559,54.77,57.60,56.02,52.75,58.67,57.45,57.82,42.95,2.83
560,54.70,57.04,55.48,52.68,58.42,56.94,57.57,43.00,2.34
561,54.61,56.50,54.95,52.59,58.15,56.46,57.31,43.06,1.89
562,54.50,55.99,54.46,52.47,57.88,56.02,57.02,43.11,1.48
563,54.38,55.51,53.99,52.34,57.59,55.60,56.72,43.17,1.13
564,54.24,55.06,53.54,52.20,57.30,55.22,56.41,43.22,0.822
565,54.09,54.64,53.12,52.05,57.00,54.84,56.10,43.27,0.551
566,53.94,54.25,52.73,51.89,56.70,54.49,55.77,43.32,0.312
567,53.78,53.89,52.35,51.73,56.40,54.16,55.46,43.37,0.106
568,53.61,53.54,52.00,51.56,56.10,53.84,55.14,43.42,-0.0698
569,53.45,53.21,51.67,51.39,55.80,53.54,54.83,43.46,-0.236
570,53.28,52.90,51.36,51.22,55.51,53.25,54.52,43.50,-0.377
571,53.11,52.61,51.06,51.04,55.22,52.97,54.21,43.54,-0.497
572,52.94,52.34,50.78,50.88,54.94,52.71,53.92,43.57,-0.604
573,52.77,52.08,50.53,50.70,54.65,52.45,53.63,43.61,-0.692
574,52.60,51.84,50.28,50.53,54.37,52.20,53.35,43.63,-0.768
575,52.43,51.60,50.04,50.36,54.10,51.97,53.08,43.66,-0.830
576,52.26,51.38,49.82,50.20,53.83,51.73,52.82,43.68,-0.880
577,52.10,51.17,49.61,50.03,53.58,51.51,52.55,43.70,-0.931
578,51.94,50.98,49.41,49.87,53.32,51.29,52.30,43.72,-0.957
579,51.78,50.79,49.22,49.71,53.07,51.09,52.06,43.73,-0.990
580,51.62,50.61,49.04,49.55,52.83,50.89,51.83,43.75,-1.01
581,51.46,50.44,48.87,49.39,52.59,50.70,51.60,43.76,-1.02
582,51.31,50.27,48.71,49.24,52.35,50.51,51.39,43.76,-1.04
583,51.15,50.12,48.55,49.09,52.13,50.32,51.17,43.76,-1.04
584,51.00,49.97,48.41,48.94,51.91,50.15,50.97,43.77,-1.04
585,50.85,49.82,48.27,48.80,51.69,49.98,50.77,43.77,-1.03
586,50.71,49.68,48.13,48.65,51.47,49.81,50.59,43.76,-1.02
587,50.56,49.55,48.01,48.51,51.27,49.65,50.40,43.75,-1.01
588,50.42,49.42,47.88,48.37,51.07,49.50,50.23,43.75,-1.00
589,50.28,49.30,47.77,48.24,50.87,49.35,50.06,43.74,-0.983
590,50.15,49.18,47.65,48.11,50.69,49.20,49.90,43.72,-0.970
591,50.01,49.06,47.55,47.98,50.49,49.06,49.74,43.71,-0.946
592,49.87,48.94,47.44,47.85,50.30,48.92,49.59,43.69,-0.925
593,49.74,48.84,47.34,47.73,50.12,48.78,49.44,43.67,-0.900
594,49.61,48.74,47.25,47.60,49.95,48.66,49.30,43.66,-0.876
595,49.48,48.63,47.15,47.49,49.78,48.52,49.17,43.64,-0.847
596,49.34,48.53,47.06,47.37,49.61,48.39,49.03,43.62,-0.814
597,49.22,48.43,46.98,47.26,49.44,48.28,48.91,43.60,-0.787
598,49.10,48.34,46.89,47.14,49.29,48.16,48.79,43.57,-0.760
599,48.98,48.24,46.80,47.03,49.14,48.04,48.66,43.55,-0.733
600,48.86,48.16,46.73,46.92,48.99,47.92,48.55,43.53,-0.704
601,48.75,48.07,46.65,46.82,48.84,47.81,48.44,43.50,-0.681
602,48.63,47.99,46.58,46.72,48.71,47.73,48.33,43.47,-0.643
603,48.52,48.10,46.64,46.61,48.57,47.93,48.23,43.44,-0.419
604,48.42,48.47,46.94,46.52,48.50,48.42,48.17,43.41,0.0549
605,48.33,49.01,47.41,46.44,48.50,49.05,48.17,43.39,0.683
606,48.28,49.64,47.97,46.39,48.59,49.72,48.26,43.36,1.36
607,48.27,50.29,48.57,46.38,48.75,50.37,48.40,43.33,2.03
608,48.29,50.95,49.19,46.41,48.97,51.00,48.61,43.30,2.66
609,48.35,51.59,49.80,46.48,49.22,51.60,48.87,43.27,3.24
610,48.44,52.20,50.38,46.57,49.50,52.15,49.17,43.24,3.76
611,48.56,52.78,50.96,46.69,49.80,52.67,49.49,43.22,4.22
612,48.70,53.33,51.50,46.83,50.11,53.16,49.84,43.19,4.63
613,48.85,53.85,52.01,46.99,50.43,53.63,50.20,43.16,5.00
614,49.01,54.34,52.51,47.15,50.76,54.08,50.57,43.14,5.33
615,49.20,54.81,52.98,47.34,51.09,54.49,50.94,43.11,5.61
616,49.38,55.24,53.43,47.53,51.42,54.88,51.31,43.09,5.86
617,49.57,55.66,53.85,47.72,51.76,55.27,51.68,43.07,6.09
618,49.76,56.05,54.25,47.93,52.10,55.64,52.05,43.05,6.29
619,49.96,56.43,54.63,48.13,52.44,56.00,52.41,43.04,6.47
620,50.16,56.79,54.99,48.34,52.77,56.34,52.76,43.03,6.63
621,50.35,57.12,55.34,48.54,53.10,56.66,53.11,43.02,6.77
622,50.55,57.43,55.66,48.75,53.42,56.96,53.45,43.02,6.88
623,50.76,57.74,55.97,48.96,53.74,57.26,53.77,43.01,6.98
624,50.96,58.02,56.26,49.17,54.06,57.54,54.09,43.01,7.06
625,51.16,58.29,56.52,49.37,54.37,57.82,54.41,43.02,7.13
626,51.36,58.54,56.77,49.57,54.68,58.08,54.70,43.01,7.18
627,51.56,58.78,57.01,49.77,54.98,58.33,54.99,43.02,7.22
628,51.76,59.01,57.24,49.97,55.27,58.57,55.28,43.04,7.25
629,51.95,59.23,57.46,50.16,55.56,58.81,55.55,43.06,7.28
630,52.15,59.43,57.66,50.35,55.84,59.04,55.81,43.07,7.29
631,52.33,59.64,57.86,50.54,56.11,59.26,56.06,43.10,7.30
632,52.52,59.82,58.05,50.73,56.38,59.47,56.31,43.12,7.30
633,52.70,60.01,58.23,50.91,56.64,59.68,56.55,43.15,7.31
634,52.89,60.19,58.40,51.08,56.90,59.89,56.78,43.18,7.30
635,53.07,60.35,58.56,51.25,57.15,60.09,56.99,43.21,7.29
636,53.25,60.52,58.72,51.43,57.39,60.28,57.21,43.25,7.28
637,53.42,60.68,58.87,51.61,57.63,60.47,57.40,43.28,7.27
638,53.59,60.84,59.02,51.77,57.86,60.64,57.60,43.32,7.24
639,53.76,60.99,59.16,51.93,58.08,60.82,57.79,43.36,7.22
640,53.93,61.13,59.29,52.09,58.31,61.00,57.97,43.40,7.20
641,54.10,61.27,59.42,52.25,58.52,61.16,58.14,43.44,7.18
642,54.26,61.41,59.55,52.41,58.74,61.32,58.31,43.49,7.15
643,54.42,61.54,59.67,52.56,58.95,61.48,58.47,43.53,7.12
644,54.58,61.66,59.78,52.71,59.15,61.63,58.62,43.58,7.09
645,54.73,61.79,59.89,52.85,59.34,61.78,58.77,43.62,7.06
646,54.89,61.91,60.00,53.00,59.52,61.92,58.91,43.67,7.02
647,55.03,62.02,60.11,53.14,59.71,62.06,59.05,43.72,6.99
648,55.19,62.14,60.20,53.28,59.89,62.19,59.19,43.78,6.96
649,55.33,62.25,60.30,53.41,60.07,62.32,59.31,43.83,6.92
650,55.47,62.36,60.40,53.54,60.24,62.45,59.43,43.88,6.88
651,55.61,62.46,60.49,53.67,60.40,62.58,59.55,43.94,6.85
652,55.74,62.55,60.56,53.80,60.56,62.65,59.66,44.00,6.80
653,55.88,62.43,60.49,53.92,60.70,62.43,59.77,44.05,6.55
654,56.01,62.06,60.20,54.03,60.80,61.94,59.84,44.10,6.05
655,56.11,61.54,59.75,54.14,60.80,61.33,59.85,44.16,5.43
656,56.19,60.95,59.22,54.20,60.72,60.70,59.80,44.22,4.76
657,56.22,60.32,58.64,54.22,60.58,60.07,59.69,44.27,4.10
658,56.21,59.70,58.06,54.21,60.39,59.48,59.52,44.33,3.49
659,56.17,59.09,57.49,54.17,60.16,58.92,59.32,44.38,2.91
660,56.08,58.48,56.93,54.10,59.86,58.35,59.08,44.44,2.40
661,55.98,57.92,56.40,54.00,59.58,57.87,58.81,44.50,1.94
662,55.88,57.42,55.89,53.88,59.30,57.43,58.51,44.55,1.54
663,55.76,56.94,55.40,53.75,59.00,57.00,58.21,44.61,1.18
664,55.61,56.47,54.94,53.60,58.70,56.60,57.88,44.66,0.863
665,55.46,56.04,54.50,53.44,58.39,56.22,57.55,44.71,0.585
666,55.29,55.63,54.10,53.28,58.08,55.85,57.22,44.76,0.346
667,55.13,55.25,53.71,53.11,57.76,55.50,56.89,44.80,0.121
668,54.96,54.89,53.34,52.93,57.45,55.17,56.56,44.84,-0.0668
669,54.79,54.55,52.99,52.75,57.15,54.86,56.22,44.88,-0.235
670,54.61,54.23,52.67,52.57,56.84,54.56,55.90,44.91,-0.381
671,54.44,53.93,52.36,52.39,56.54,54.26,55.58,44.94,-0.508
672,54.26,53.65,52.08,52.21,56.24,53.97,55.26,44.97,-0.616
673,54.09,53.38,51.81,52.03,55.94,53.70,54.96,45.00,-0.711
674,53.91,53.12,51.55,51.86,55.67,53.44,54.67,45.03,-0.791
675,53.74,52.88,51.30,51.69,55.38,53.19,54.38,45.06,-0.856
676,53.57,52.65,51.07,51.51,55.11,52.96,54.11,45.08,-0.917
677,53.40,52.43,50.85,51.34,54.84,52.72,53.83,45.10,-0.971
678,53.23,52.22,50.64,51.17,54.57,52.50,53.58,45.11,-1.00
679,53.06,52.02,50.44,51.00,54.31,52.28,53.32,45.13,-1.04
680,52.90,51.84,50.26,50.83,54.06,52.07,53.08,45.13,-1.06
681,52.73,51.66,50.08,50.67,53.81,51.86,52.84,45.13,-1.07
682,52.57,51.49,49.91,50.50,53.57,51.67,52.61,45.14,-1.08
683,52.41,51.32,49.74,50.34,53.33,51.48,52.39,45.14,-1.09
684,52.25,51.16,49.59,50.19,53.10,51.30,52.17,45.14,-1.10
685,52.10,51.01,49.43,50.04,52.88,51.12,51.96,45.13,-1.09
686,51.95,50.86,49.30,49.89,52.66,50.94,51.77,45.12,-1.08
687,51.80,50.72,49.16,49.75,52.44,50.77,51.58,45.12,-1.08
688,51.65,50.58,49.03,49.61,52.23,50.61,51.40,45.10,-1.07
689,51.48,50.45,48.90,49.46,52.02,50.44,51.22,45.09,-1.04
690,51.34,50.32,48.79,49.32,51.82,50.30,51.04,45.08,-1.02
691,51.20,50.20,48.67,49.18,51.62,50.14,50.88,45.06,-0.999
692,51.06,50.08,48.56,49.05,51.43,50.00,50.72,45.04,-0.979
693,50.93,49.97,48.45,48.92,51.24,49.86,50.56,45.02,-0.957
694,50.79,49.85,48.35,48.79,51.06,49.71,50.42,44.99,-0.938
695,50.66,49.75,48.25,48.66,50.89,49.58,50.27,44.97,-0.907
696,50.53,49.64,48.16,48.54,50.71,49.44,50.13,44.95,-0.885
697,50.40,49.54,48.07,48.42,50.54,49.31,50.00,44.92,-0.855
698,50.27,49.44,47.97,48.30,50.37,49.19,49.88,44.90,-0.833
699,50.15,49.34,47.89,48.19,50.22,49.07,49.75,44.87,-0.802
700,50.02,49.25,47.80,48.07,50.06,48.95,49.63,44.84,-0.775
701,49.90,49.16,47.72,47.96,49.91,48.83,49.51,44.81,-0.741
702,49.79,49.09,47.66,47.85,49.77,48.77,49.39,44.78,-0.696
703,49.67,49.25,47.76,47.74,49.64,49.03,49.30,44.75,-0.425
704,49.56,49.65,48.10,47.65,49.56,49.56,49.24,44.72,0.0889
705,49.47,50.22,48.58,47.57,49.58,50.20,49.25,44.68,0.747
706,49.42,50.85,49.16,47.52,49.68,50.87,49.34,44.65,1.43
707,49.41,51.52,49.77,47.51,49.84,51.52,49.50,44.61,2.11
708,49.44,52.17,50.38,47.55,50.05,52.14,49.71,44.58,2.74
709,49.50,52.81,50.99,47.61,50.31,52.74,49.98,44.55,3.31
710,49.59,53.42,51.58,47.71,50.59,53.29,50.27,44.51,3.83
711,49.71,53.99,52.15,47.83,50.89,53.79,50.59,44.48,4.28
712,49.85,54.53,52.68,47.97,51.20,54.28,50.94,44.44,4.68
713,50.00,55.05,53.20,48.13,51.52,54.74,51.30,44.41,5.05
714,50.17,55.53,53.68,48.30,51.85,55.17,51.66,44.39,5.37
715,50.35,55.99,54.14,48.47,52.18,55.58,52.02,44.36,5.64
716,50.53,56.42,54.57,48.67,52.52,55.97,52.40,44.33,5.89
717,50.72,56.82,54.99,48.86,52.85,56.34,52.76,44.30,6.11
718,50.91,57.21,55.38,49.05,53.19,56.69,53.12,44.28,6.30
719,51.11,57.57,55.74,49.26,53.52,57.04,53.48,44.27,6.46
720,51.31,57.91,56.09,49.46,53.85,57.37,53.82,44.25,6.61
721,51.51,58.25,56.42,49.66,54.17,57.69,54.16,44.24,6.74
722,51.71,58.55,56.73,49.86,54.50,57.99,54.49,44.22,6.84
723,51.90,58.85,57.03,50.06,54.81,58.29,54.82,44.22,6.94
724,52.10,59.13,57.31,50.26,55.13,58.57,55.14,44.21,7.02
725,52.30,59.39,57.58,50.46,55.44,58.85,55.45,44.22,7.09
726,52.50,59.64,57.83,50.66,55.74,59.11,55.74,44.22,7.14
727,52.69,59.88,58.07,50.85,56.04,59.36,56.03,44.22,7.19
728,52.88,60.11,58.30,51.05,56.33,59.61,56.31,44.24,7.23
729,53.08,60.34,58.52,51.24,56.61,59.85,56.58,44.25,7.26
730,53.27,60.54,58.73,51.42,56.89,60.08,56.84,44.26,7.28
731,53.45,60.74,58.92,51.61,57.16,60.30,57.09,44.28,7.29
732,53.64,60.94,59.11,51.79,57.43,60.51,57.33,44.30,7.29
733,53.82,61.12,59.29,51.97,57.69,60.72,57.56,44.33,7.29
734,54.00,61.29,59.46,52.15,57.94,60.92,57.78,44.35,7.29
735,54.18,61.46,59.62,52.32,58.19,61.11,58.00,44.38,7.28
736,54.36,61.62,59.78,52.49,58.43,61.31,58.21,44.40,7.26
737,54.53,61.78,59.93,52.66,58.67,61.48,58.40,44.44,7.24
738,54.70,61.93,60.07,52.82,58.90,61.66,58.59,44.47,7.23
739,54.87,62.08,60.21,52.98,59.13,61.84,58.78,44.51,7.21
740,55.03,62.22,60.33,53.15,59.34,62.01,58.96,44.55,7.18
741,55.20,62.36,60.46,53.30,59.55,62.17,59.13,44.59,7.16
742,55.36,62.49,60.58,53.45,59.76,62.33,59.29,44.63,7.13
743,55.51,62.61,60.70,53.60,59.97,62.47,59.45,44.67,7.10
744,55.66,62.73,60.81,53.74,60.16,62.63,59.61,44.72,7.07
745,55.82,62.85,60.92,53.89,60.35,62.77,59.75,44.76,7.04
746,55.97,62.97,61.02,54.03,60.54,62.91,59.90,44.81,7.00
747,56.11,63.08,61.12,54.17,60.71,63.04,60.03,44.86,6.97
748,56.25,63.19,61.22,54.30,60.89,63.17,60.17,44.91,6.94
749,56.40,63.30,61.32,54.43,61.07,63.29,60.29,44.97,6.90
750,56.54,63.40,61.41,54.56,61.23,63.42,60.42,45.01,6.86
751,56.67,63.50,61.50,54.69,61.38,63.53,60.53,45.07,6.83
752,56.80,63.58,61.57,54.81,61.54,63.60,60.64,45.11,6.77
753,56.94,63.45,61.48,54.94,61.68,63.36,60.74,45.17,6.51
754,57.06,63.07,61.18,55.05,61.76,62.85,60.81,45.22,6.00
755,57.16,62.54,60.72,55.14,61.76,62.24,60.82,45.27,5.38
756,57.23,61.94,60.19,55.20,61.67,61.60,60.76,45.32,4.71
757,57.26,61.32,59.62,55.23,61.52,60.98,60.65,45.37,4.05
758,57.25,60.69,59.04,55.21,61.32,60.39,60.48,45.43,3.44
759,57.21,60.09,58.46,55.16,61.09,59.84,60.27,45.49,2.88
760,57.13,59.51,57.90,55.09,60.83,59.32,60.02,45.54,2.37
761,57.03,58.96,57.37,54.99,60.55,58.83,59.74,45.59,1.93
762,56.92,58.44,56.86,54.86,60.27,58.38,59.45,45.64,1.52
763,56.78,57.95,56.38,54.73,59.96,57.95,59.13,45.70,1.17
764,56.64,57.49,55.93,54.58,59.66,57.54,58.81,45.74,0.858
765,56.48,57.06,55.50,54.42,59.33,57.14,58.49,45.79,0.579
766,56.32,56.66,55.10,54.25,59.03,56.79,58.15,45.83,0.336
767,56.15,56.28,54.71,54.08,58.71,56.44,57.83,45.87,0.132
768,55.98,55.92,54.35,53.91,58.41,56.12,57.50,45.92,-0.0597
769,55.81,55.59,54.02,53.73,58.10,55.80,57.18,45.95,-0.219
770,55.64,55.27,53.69,53.56,57.80,55.50,56.86,45.99,-0.365
771,55.46,54.97,53.39,53.38,57.49,55.21,56.54,46.03,-0.487
772,55.28,54.68,53.10,53.20,57.17,54.91,56.24,46.06,-0.595
773,55.11,54.42,52.84,53.02,56.88,54.65,55.94,46.09,-0.690
774,54.94,54.17,52.58,52.84,56.60,54.40,55.64,46.11,-0.772
775,54.77,53.93,52.33,52.66,56.32,54.16,55.36,46.13,-0.839
776,54.59,53.70,52.10,52.49,56.04,53.92,55.08,46.14,-0.888
777,54.42,53.48,51.88,52.31,55.77,53.69,54.81,46.16,-0.932
778,54.24,53.28,51.68,52.15,55.51,53.47,54.56,46.18,-0.964
779,54.08,53.08,51.48,51.98,55.25,53.25,54.30,46.18,-1.00
780,53.91,52.89,51.29,51.82,55.00,53.04,54.06,46.19,-1.02
781,53.75,52.70,51.11,51.65,54.75,52.84,53.82,46.20,-1.05
782,53.58,52.54,50.94,51.49,54.51,52.64,53.60,46.20,-1.05
783,53.42,52.37,50.78,51.34,54.28,52.45,53.38,46.20,-1.06
784,53.27,52.21,50.62,51.18,54.05,52.26,53.17,46.20,-1.06
785,53.11,52.05,50.47,51.03,53.82,52.08,52.96,46.19,-1.06
786,52.96,51.91,50.32,50.87,53.61,51.91,52.77,46.17,-1.05
787,52.80,51.76,50.19,50.73,53.39,51.73,52.58,46.16,-1.04
788,52.65,51.63,50.06,50.58,53.18,51.58,52.39,46.15,-1.02
789,52.50,51.50,49.94,50.44,52.98,51.42,52.22,46.13,-1.01
790,52.36,51.36,49.81,50.30,52.77,51.26,52.04,46.11,-0.996
791,52.22,51.24,49.70,50.16,52.58,51.11,51.88,46.10,-0.979
792,52.08,51.12,49.58,50.03,52.38,50.96,51.72,46.07,-0.959
793,51.93,51.00,49.48,49.90,52.19,50.81,51.57,46.05,-0.932
794,51.80,50.89,49.37,49.77,52.00,50.67,51.42,46.02,-0.910
795,51.64,50.77,49.28,49.63,51.81,50.52,51.27,45.98,-0.873
796,51.52,50.67,49.18,49.51,51.64,50.39,51.12,45.96,-0.851
797,51.38,50.56,49.08,49.40,51.47,50.26,50.99,45.93,-0.823
798,51.26,50.46,48.98,49.28,51.31,50.14,50.86,45.91,-0.801
799,51.13,50.36,48.90,49.16,51.15,50.02,50.74,45.88,-0.775
800,51.01,50.26,48.81,49.05,50.99,49.89,50.62,45.85,-0.745
801,50.88,50.17,48.72,48.94,50.84,49.78,50.50,45.82,-0.717
802,50.76,50.10,48.66,48.82,50.69,49.72,50.38,45.79,-0.664
803,50.65,50.26,48.76,48.72,50.56,49.99,50.28,45.76,-0.393
804,50.54,50.67,49.09,48.61,50.49,50.51,50.22,45.72,0.133
805,50.45,51.23,49.58,48.53,50.50,51.15,50.23,45.69,0.779
806,50.40,51.86,50.14,48.49,50.61,51.81,50.32,45.65,1.46
807,50.38,52.51,50.75,48.48,50.77,52.45,50.48,45.62,2.13
808,50.41,53.15,51.35,48.50,50.99,53.06,50.69,45.57,2.74
809,50.47,53.78,51.96,48.56,51.24,53.64,50.95,45.53,3.31
810,50.56,54.37,52.53,48.66,51.52,54.18,51.24,45.50,3.81
811,50.67,54.93,53.09,48.79,51.81,54.69,51.57,45.47,4.26
812,50.79,55.46,53.62,48.92,52.11,55.16,51.91,45.44,4.67
813,50.95,55.97,54.11,49.08,52.43,55.61,52.26,45.42,5.02
814,51.11,56.44,54.59,49.24,52.75,56.03,52.62,45.38,5.33
815,51.28,56.88,55.03,49.41,53.07,56.43,52.98,45.35,5.60
816,51.45,57.31,55.46,49.60,53.40,56.81,53.35,45.33,5.86
817,51.63,57.70,55.86,49.79,53.73,57.18,53.71,45.30,6.07
818,51.82,58.07,56.24,49.98,54.05,57.53,54.07,45.28,6.25
819,52.01,58.43,56.60,50.17,54.38,57.87,54.42,45.26,6.42
820,52.20,58.77,56.95,50.37,54.70,58.20,54.77,45.24,6.58
821,52.39,59.10,57.28,50.57,55.03,58.52,55.10,45.23,6.71
822,52.59,59.40,57.59,50.77,55.34,58.82,55.44,45.21,6.81
823,52.78,59.69,57.89,50.97,55.65,59.10,55.75,45.20,6.91
824,52.97,59.97,58.16,51.16,55.96,59.38,56.07,45.20,6.99
825,53.17,60.23,58.43,51.36,56.26,59.65,56.37,45.20,7.06
826,53.36,60.48,58.67,51.55,56.56,59.91,56.66,45.19,7.12
827,53.55,60.71,58.91,51.75,56.85,60.15,56.95,45.20,7.16
828,53.74,60.94,59.14,51.93,57.13,60.39,57.22,45.21,7.19
829,53.93,61.15,59.35,52.12,57.40,60.61,57.48,45.22,7.22
830,54.11,61.34,59.54,52.31,57.68,60.84,57.74,45.23,7.23
831,54.30,61.54,59.73,52.49,57.94,61.04,57.99,45.25,7.24
832,54.48,61.72,59.91,52.67,58.20,61.25,58.22,45.27,7.23
833,54.66,61.89,60.08,52.85,58.45,61.45,58.44,45.29,7.23
834,54.84,62.06,60.25,53.02,58.70,61.64,58.67,45.31,7.23
835,55.01,62.22,60.40,53.19,58.94,61.82,58.88,45.34,7.21
836,55.18,62.38,60.55,53.35,59.17,62.00,59.08,45.36,7.19
837,55.35,62.52,60.70,53.52,59.40,62.18,59.27,45.40,7.17
838,55.51,62.66,60.83,53.68,59.62,62.35,59.47,45.43,7.15
839,55.67,62.80,60.96,53.83,59.84,62.51,59.65,45.47,7.13
840,55.83,62.94,61.08,53.98,60.04,62.67,59.81,45.50,7.11
841,55.99,63.07,61.20,54.13,60.24,62.82,59.97,45.53,7.08
842,56.15,63.20,61.31,54.27,60.45,62.98,60.13,45.58,7.05
843,56.29,63.32,61.42,54.42,60.64,63.13,60.29,45.62,7.03
844,56.45,63.44,61.53,54.56,60.83,63.27,60.43,45.67,6.99
845,56.59,63.54,61.63,54.70,61.01,63.41,60.58,45.71,6.95
846,56.73,63.66,61.73,54.83,61.20,63.54,60.72,45.76,6.93
847,56.87,63.76,61.83,54.97,61.37,63.67,60.84,45.80,6.89
848,57.02,63.87,61.92,55.10,61.54,63.80,60.97,45.85,6.86
849,57.15,63.97,62.01,55.22,61.70,63.92,61.10,45.89,6.81
850,57.28,64.07,62.09,55.35,61.87,64.04,61.21,45.94,6.78
851,57.41,64.16,62.18,55.47,62.03,64.15,61.32,45.99,6.75
852,57.54,64.22,62.24,55.59,62.17,64.21,61.43,46.04,6.69
853,57.67,64.06,62.13,55.71,62.31,63.94,61.53,46.09,6.40
854,57.79,63.67,61.81,55.81,62.38,63.42,61.59,46.15,5.89
855,57.88,63.13,61.34,55.90,62.37,62.80,61.59,46.20,5.25
856,57.94,62.53,60.80,55.95,62.27,62.16,61.53,46.25,4.59
857,57.96,61.89,60.22,55.96,62.12,61.54,61.40,46.30,3.94
858,57.94,61.27,59.63,55.95,61.91,60.94,61.23,46.35,3.33
859,57.88,60.66,59.05,55.89,61.67,60.39,61.01,46.40,2.78
860,57.80,60.08,58.50,55.81,61.41,59.86,60.76,46.45,2.28
861,57.70,59.53,57.96,55.70,61.13,59.38,60.48,46.50,1.83
862,57.57,59.01,57.45,55.57,60.83,58.92,60.18,46.55,1.44
863,57.44,58.52,56.96,55.43,60.53,58.49,59.85,46.60,1.08
864,57.29,58.06,56.51,55.28,60.22,58.09,59.53,46.64,0.764
865,57.13,57.62,56.07,55.12,59.91,57.70,59.20,46.69,0.489
866,56.96,57.22,55.66,54.94,59.60,57.34,58.87,46.73,0.254
867,56.79,56.83,55.28,54.77,59.29,56.99,58.54,46.77,0.0488
868,56.61,56.47,54.91,54.58,58.98,56.66,58.21,46.81,-0.143
869,56.43,56.13,54.57,54.40,58.67,56.35,57.87,46.85,-0.304
870,56.26,55.81,54.24,54.22,58.36,56.05,57.55,46.88,-0.446
871,56.07,55.51,53.93,54.03,58.06,55.75,57.23,46.91,-0.568
872,55.89,55.22,53.64,53.85,57.76,55.48,56.92,46.93,-0.666
873,55.71,54.95,53.37,53.66,57.46,55.21,56.61,46.95,-0.752
874,55.53,54.69,53.11,53.49,57.17,54.95,56.32,46.98,-0.831
875,55.35,54.45,52.87,53.31,56.88,54.70,56.03,47.00,-0.899
876,55.17,54.22,52.64,53.13,56.61,54.46,55.75,47.01,-0.946
877,54.99,54.00,52.41,52.95,56.33,54.23,55.48,47.03,-0.992
878,54.82,53.79,52.21,52.77,56.06,54.00,55.23,47.04,-1.03
879,54.65,53.60,52.00,52.61,55.80,53.78,54.97,47.04,-1.05
880,54.48,53.41,51.82,52.44,55.54,53.56,54.72,47.04,-1.07
881,54.31,53.23,51.64,52.27,55.30,53.36,54.49,47.04,-1.08
882,54.15,53.06,51.47,52.10,55.06,53.17,54.26,47.04,-1.10
883,53.99,52.89,51.31,51.94,54.82,52.98,54.04,47.03,-1.10
884,53.83,52.73,51.15,51.79,54.58,52.79,53.83,47.03,-1.10
885,53.67,52.57,51.00,51.63,54.35,52.62,53.62,47.02,-1.09
886,53.50,52.43,50.86,51.48,54.12,52.43,53.43,47.01,-1.08
887,53.34,52.28,50.73,51.32,53.90,52.25,53.23,46.99,-1.06
888,53.19,52.14,50.59,51.18,53.67,52.08,53.05,46.97,-1.04
889,53.04,52.01,50.47,51.03,53.47,51.93,52.87,46.95,-1.03
890,52.89,51.88,50.35,50.89,53.28,51.77,52.71,46.94,-1.01
891,52.75,51.76,50.23,50.75,53.07,51.61,52.54,46.91,-0.987
892,52.60,51.64,50.11,50.60,52.88,51.45,52.36,46.87,-0.969
893,52.46,51.52,50.00,50.47,52.70,51.31,52.21,46.85,-0.946
894,52.32,51.40,49.90,50.34,52.51,51.17,52.06,46.83,-0.923
895,52.19,51.29,49.80,50.22,52.33,51.03,51.93,46.80,-0.904
896,52.05,51.18,49.70,50.09,52.16,50.90,51.79,46.77,-0.872
897,51.92,51.08,49.60,49.97,51.99,50.77,51.66,46.75,-0.848
898,51.79,50.97,49.51,49.85,51.82,50.64,51.53,46.72,-0.823
899,51.66,50.87,49.42,49.72,51.66,50.52,51.40,46.69,-0.796
900,51.54,50.77,49.33,49.61,51.51 ,50.40,51.28,46.66,-0.775