1.319870652676037896e-03 6.585157941842061574e-06
1.469993752526551874e-03 4.268652891150043201e-06
1.632586425043875853e-03 1.274372560799444367e-05
1.816365452729089150e-03 3.349659735391360175e-06
1.978239366963402933e-03 4.217921026108057398e-06
2.144887125315030323e-03 1.293940431743122070e-05
2.276867030965391836e-03 1.246527493699188451e-05
2.463054187192118254e-03 6.091861135266589443e-06
2.653399668325041438e-03 5.642498921080231363e-06
2.814126917123962839e-03 5.510421293026610233e-06
