2.073567340329437769e+01 2.133331920451034258e-01
2.572091279967889932e+01 1.626871525676862051e-01
3.172544781923469515e+01 5.016258258280770210e-01
3.927008715099147196e+01 1.750973291026703682e-01
4.658145814478964297e+01 2.303858968563718412e-01
5.476010646055123487e+01 6.747943856048743694e-01
6.170647474783715580e+01 6.931170791403956644e-01
7.221099544457905495e+01 4.004032855280080239e-01
8.380322657432225242e+01 4.136648826361953302e-01
9.426332601729735927e+01 4.382413223081374487e-01
