7.576500000000000057e+01 3.780101409574448401e-01
6.802750000000000341e+01 1.975421895865945021e-01
6.125249999999999773e+01 4.781278594685738348e-01
5.505499999999999972e+01 1.015299627367868274e-01
5.054999999999999716e+01 1.077806414281648334e-01
4.662250000000000227e+01 2.812583332098803068e-01
4.392000000000000171e+01 2.404509652021946386e-01
4.060000000000000142e+01 1.004158022092803554e-01
3.768750000000000000e+01 8.014310117949459411e-02
3.553499999999999659e+01 6.958208581716038288e-02
