# Messung 3 - Maxima
# T5	T6
# x	 y	 x	 y
3.200000000000000000e+02 1.001372477496098146e+00 3.000000000000000000e+02 9.992438824684107823e-01
5.200000000000000000e+02 1.001372950267889417e+00 5.000000000000000000e+02 9.999233287286106719e-01
7.150000000000000000e+02 1.000605990622496000e+00 7.000000000000000000e+02 9.999198598446454866e-01
9.200000000000000000e+02 9.996015786575151996e-01 9.000000000000000000e+02 9.985458288272907046e-01
1.120000000000000000e+03 9.999731707172619943e-01 1.100000000000000000e+03 1.001098345764320330e+00
1.315000000000000000e+03 1.000992505729934701e+00 1.300000000000000000e+03 1.001312123718952618e+00
1.520000000000000000e+03 1.000268482961711669e+00 1.500000000000000000e+03 1.000060883970550485e+00
1.720000000000000000e+03 9.994639024271568806e-01 1.700000000000000000e+03 9.993166315352691731e-01
