# Messung 3 - Minima
# T5	T6
# x	 y	 x	 y
4.200000000000000000e+02 -3.072962421994404281e+00 4.000000000000000000e+02 -5.943095839256869795e+00
6.200000000000000000e+02 -3.097556491500498055e+00 6.000000000000000000e+02 -5.962134249599053248e+00
8.200000000000000000e+02 -3.109142330807245003e+00 8.000000000000000000e+02 -5.929959035775354437e+00
1.020000000000000000e+03 -3.243343975282108715e+00 1.005000000000000000e+03 -6.083271194423431893e+00
1.215000000000000000e+03 -3.144040881044219304e+00 1.200000000000000000e+03 -5.984204914944072584e+00
1.420000000000000000e+03 -3.138866077360191298e+00 1.400000000000000000e+03 -5.990937237767376189e+00
1.620000000000000000e+03 -3.269034536030545723e+00 1.600000000000000000e+03 -6.137548830244249132e+00
