# Messung 3 - Maxima
# T5	T6
# x	 y	 x	 y
7.650000000000000000e+02 3.652018182739809049e-01 7.550000000000000000e+02 3.064313114534584770e-01
1.270000000000000000e+03 2.564636323182725164e-01 1.255000000000000000e+03 2.826417312020055306e-01
1.765000000000000000e+03 -1.959182210416230419e-01 1.755000000000000000e+03 -2.079660321137382084e-01
2.265000000000000000e+03 -2.177030308977947470e-01 2.255000000000000000e+03 -1.944842173895438009e-01
2.765000000000000000e+03 -2.633460483980130107e-01 2.755000000000000000e+03 -2.895545396512773095e-01
3.265000000000000000e+03 4.930709117299869604e-02 3.255000000000000000e+03 8.041444740947412129e-02
3.765000000000000000e+03 1.381342493516442005e-01 3.755000000000000000e+03 1.403764761075905199e-01
4.265000000000000000e+03 1.242810649409165080e-01 4.255000000000000000e+03 9.570929659872717821e-02
