# Messung 3 - Minima
# T5	T6
# x	 y	 x	 y
1.015000000000000000e+03 7.814826866356244794e-01 1.005000000000000000e+03 7.403549583882169660e-01
1.515000000000000000e+03 7.911105308376146228e-01 1.505000000000000000e+03 7.516830113016904624e-01
2.015000000000000000e+03 7.955469891955192496e-01 2.005000000000000000e+03 7.583255432486510905e-01
2.515000000000000000e+03 8.014177052640899523e-01 2.505000000000000000e+03 7.648508121443600150e-01
3.020000000000000000e+03 8.054950152934015062e-01 3.005000000000000000e+03 7.697029608139575041e-01
3.515000000000000000e+03 8.095282828429568589e-01 3.505000000000000000e+03 7.735289356724310839e-01
4.015000000000000000e+03 8.148287947354632133e-01 4.005000000000000000e+03 7.791632819063254445e-01
