# Messung 3 - Minima
# T7	T8
# x	 y	 x	 y
1.015000000000000000e+03 7.830575837274287299e-01 1.140000000000000000e+03 9.665617256296634707e-01
1.515000000000000000e+03 7.945226328741634703e-01 1.635000000000000000e+03 9.657475385961893366e-01
2.015000000000000000e+03 8.040283356990365338e-01 2.140000000000000000e+03 9.668540767512388001e-01
2.515000000000000000e+03 8.106544640290777037e-01 2.635000000000000000e+03 9.680510590037340046e-01
3.020000000000000000e+03 8.143964947638734353e-01 3.130000000000000000e+03 9.687696558989062900e-01
3.515000000000000000e+03 8.165329971511299245e-01 3.630000000000000000e+03 9.689485701494691128e-01
4.015000000000000000e+03 8.205106868143271504e-01 4.125000000000000000e+03 9.695645884542387627e-01
