# Messung 3 - Maxima
# T7	T8
# x	 y	 x	 y
7.700000000000000000e+02 1.004750815731161318e+00 8.900000000000000000e+02 1.009544524456973846e+00
1.270000000000000000e+03 1.000095841285850717e+00 1.375000000000000000e+03 1.003191803746367405e+00
1.770000000000000000e+03 9.986591428848723417e-01 1.890000000000000000e+03 1.001609379912079767e+00
2.270000000000000000e+03 9.987354822587614089e-01 2.385000000000000000e+03 1.000762206406040411e+00
2.770000000000000000e+03 9.984332306174309446e-01 2.885000000000000000e+03 1.000595376025225303e+00
3.265000000000000000e+03 1.001387117718633535e+00 3.390000000000000000e+03 1.001078681486606614e+00
3.770000000000000000e+03 1.000445262054890483e+00 3.885000000000000000e+03 1.000329803548099639e+00
4.265000000000000000e+03 1.000221663784794490e+00 4.385000000000000000e+03 1.000048634893258459e+00
