# Messung 3 - Maxima
# T1	T2
# x	 y	 x	 y
7.800000000000000000e+02 1.008802020447797210e+00 7.550000000000000000e+02 1.005967659483452570e+00
1.280000000000000000e+03 1.005174594099724095e+00 1.255000000000000000e+03 1.005071055378882638e+00
1.780000000000000000e+03 9.973287683626170796e-01 1.755000000000000000e+03 9.968077663908869734e-01
2.280000000000000000e+03 9.957760877482623174e-01 2.255000000000000000e+03 9.970107325900314788e-01
2.780000000000000000e+03 9.952555356346496351e-01 2.755000000000000000e+03 9.950131267709663163e-01
3.280000000000000000e+03 9.991324562598146164e-01 3.255000000000000000e+03 1.000651937225198296e+00
3.780000000000000000e+03 1.002188063612318381e+00 3.755000000000000000e+03 1.002366702526417352e+00
4.280000000000000000e+03 1.003436868988857977e+00 4.255000000000000000e+03 1.001780019219910445e+00
