# Messung 3 - Minima
# T1	T2
# x	 y	 x	 y
1.030000000000000000e+03 8.522145425432489096e-01 1.005000000000000000e+03 7.442521936984107800e-01
1.530000000000000000e+03 8.586315516224404254e-01 1.505000000000000000e+03 7.569767411172163563e-01
2.030000000000000000e+03 8.599487842223518808e-01 2.005000000000000000e+03 7.640881057241165619e-01
2.530000000000000000e+03 8.635554975000644395e-01 2.505000000000000000e+03 7.703308127210419798e-01
3.030000000000000000e+03 8.663201020230066884e-01 3.005000000000000000e+03 7.748987868323121697e-01
3.530000000000000000e+03 8.708618667649831169e-01 3.505000000000000000e+03 7.791440649831040677e-01
4.030000000000000000e+03 8.765771982751785485e-01 4.005000000000000000e+03 7.853411507523743174e-01
