   0.002990000000	  98.40000
   0.002990200000	 100.00000
   0.002990400000	 101.60000
   0.002990600000	 102.40000
   0.002990800000	 104.80000
   0.002991000000	 105.60000
   0.002991200000	 105.60000
   0.002991400000	 108.00000
   0.002991600000	 109.60000
   0.002991800000	 108.80000
   0.002992000000	 110.40000
   0.002992200000	 112.80000
   0.002992400000	 111.20000
   0.002992600000	 113.60000
   0.002992800000	 112.80000
   0.002993000000	 115.20000
   0.002993200000	 113.60000
   0.002993400000	 115.20000
0.002993600000	 114.40000
0.002993800000	 116.00000
0.002994000000	 116.80000
0.002994200000	 116.00000
0.002994400000	 115.20000
0.002994600000	 116.00000
0.002994800000	 115.20000
0.002995000000	 115.20000
0.002995200000	 113.60000
0.002995400000	 112.80000
0.002995600000	 112.80000
0.002995800000	 113.60000
0.002996000000	 112.80000
0.002996200000	 110.40000
0.002996400000	 109.60000
0.002996600000	 110.40000
0.002996800000	 108.80000
0.002997000000	 108.00000
0.002997200000	 106.40000
0.002997400000	 105.60000
0.002997600000	 104.00000
0.002997800000	 102.40000
0.002998000000	 101.60000
0.002998200000	 100.00000
0.002998400000	  98.40000
0.002998600000	  97.60000
0.002998800000	  96.00000
0.002999000000	  95.20000
0.002999200000	  92.80000
0.002999400000	  91.20000
0.002999600000	  88.00000
0.002999800000	  87.20000
0.003000000000	  84.80000
0.003000200000	  83.20000
0.003000400000	  80.80000
0.003000600000	  80.00000
0.003000800000	  77.60000
0.003001000000	  75.20000
0.003001200000	  72.80000
0.003001400000	  71.20000
0.003001600000	  69.60000
0.003001800000	  67.20000
0.003002000000	  64.00000
0.003002200000	  62.40000
0.003002400000	  60.80000
0.003002600000	  57.60000
0.003002800000	  56.00000
0.003003000000	  53.60000
0.003003200000	  51.20000
0.003003400000	  48.80000
0.003003600000	  46.40000
0.003003800000	  44.00000
0.003004000000	  41.60000
0.003004200000	  40.00000
0.003004400000	  36.80000
0.003004600000	  34.40000
0.003004800000	  33.60000
0.003005000000	  31.20000
0.003005200000	  28.00000
0.003005400000	  26.40000
0.003005600000	  24.00000
0.003005800000	  20.80000
0.003006000000	  19.20000
0.003006200000	  16.80000
0.003006400000	  15.20000
0.003006600000	  12.80000
0.003006800000	  11.20000
0.003007000000	   8.80000
0.003007200000	   7.20000
0.003007400000	   4.80000
0.003007600000	   4.00000
0.003007800000	   0.80000
0.003008000000	   0.80000
0.003008200000	  -0.80000
0.003008400000	  -3.20000
0.003008600000	  -5.60000
0.003008800000	  -5.60000
0.003009000000	  -8.00000
0.003009200000	  -8.80000
0.003009400000	 -11.20000
0.003009600000	 -12.00000
0.003009800000	 -12.80000
0.003010000000	 -14.40000
0.003010200000	 -15.20000
0.003010400000	 -16.80000
0.003010600000	 -17.60000
0.003010800000	 -17.60000
0.003011000000	 -18.40000
0.003011200000	 -19.20000
0.003011400000	 -20.00000
0.003011600000	 -21.60000
0.003011800000	 -20.80000
0.003012000000	 -22.40000
0.003012200000	 -23.20000
0.003012400000	 -22.40000
0.003012600000	 -23.20000
0.003012800000	 -24.00000
0.003013000000	 -24.00000
0.003013200000	 -23.20000
0.003013400000	 -23.20000
0.003013600000	 -23.20000
0.003013800000	 -24.00000
0.003014000000	 -22.40000
0.003014200000	 -22.40000
0.003014400000	 -23.20000
0.003014600000	 -21.60000
0.003014800000	 -20.00000
0.003015000000	 -19.20000
0.003015200000	 -19.20000
0.003015400000	 -19.20000
0.003015600000	 -17.60000
0.003015800000	 -17.60000
0.003016000000	 -16.80000
0.003016200000	 -15.20000
0.003016400000	 -13.60000
0.003016600000	 -13.60000
0.003016800000	 -12.00000
0.003017000000	 -11.20000
0.003017200000	  -9.60000
0.003017400000	  -8.00000
0.003017600000	  -6.40000
0.003017800000	  -4.80000
0.003018000000	  -2.40000
0.003018200000	  -1.60000
0.003018400000	  -0.80000
0.003018600000	   1.60000
0.003018800000	   2.40000
0.003019000000	   5.60000
0.003019200000	   8.00000
0.003019400000	   8.00000
0.003019600000	  10.40000
0.003019800000	  12.80000
0.003020000000	  14.40000
0.003020200000	  15.20000
0.003020400000	  18.40000
0.003020600000	  20.80000
0.003020800000	  22.40000
0.003021000000	  24.00000
0.003021200000	  26.40000
0.003021400000	  29.60000
0.003021600000	  31.20000
0.003021800000	  32.80000
0.003022000000	  35.20000
0.003022200000	  37.60000
0.003022400000	  40.00000
0.003022600000	  40.80000
0.003022800000	  43.20000
0.003023000000	  45.60000
0.003023200000	  48.00000
0.003023400000	  49.60000
0.003023600000	  52.00000
0.003023800000	  53.60000
0.003024000000	  56.00000
0.003024200000	  57.60000
0.003024400000	  60.00000
0.003024600000	  63.20000
0.003024800000	  64.00000
0.003025000000	  66.40000
0.003025200000	  68.80000
0.003025400000	  69.60000
0.003025600000	  72.00000
0.003025800000	  73.60000
0.003026000000	  76.00000
0.003026200000	  76.80000
0.003026400000	  79.20000
0.003026600000	  80.80000
0.003026800000	  82.40000
0.003027000000	  84.00000
0.003027200000	  84.80000
0.003027400000	  86.40000
0.003027600000	  88.80000
0.003027800000	  90.40000
0.003028000000	  91.20000
0.003028200000	  91.20000
0.003028400000	  93.60000
0.003028600000	  95.20000
0.003028800000	  96.00000
0.003029000000	  96.80000
0.003029200000	  98.40000
0.003029400000	  99.20000
0.003029600000	  99.20000
0.003029800000	 100.80000
0.003030000000	 100.80000
0.003030200000	 102.40000
0.003030400000	 104.00000
0.003030600000	 103.20000
0.003030800000	 103.20000
0.003031000000	 104.00000
0.003031200000	 104.00000
0.003031400000	 104.80000
0.003031600000	 104.00000
0.003031800000	 104.80000
0.003032000000	 104.80000
0.003032200000	 105.60000
0.003032400000	 104.80000
0.003032600000	 105.60000
0.003032800000	 104.00000
0.003033000000	 104.00000
0.003033200000	 104.00000
0.003033400000	 104.80000
0.003033600000	 104.00000
0.003033800000	 102.40000
0.003034000000	 101.60000
0.003034200000	 101.60000
0.003034400000	  99.20000
0.003034600000	  99.20000
0.003034800000	  99.20000
0.003035000000	  97.60000
0.003035200000	  96.80000
0.003035400000	  96.00000
0.003035600000	  95.20000
0.003035800000	  93.60000
0.003036000000	  92.00000
0.003036200000	  91.20000
0.003036400000	  90.40000
0.003036600000	  88.80000
0.003036800000	  86.40000
0.003037000000	  86.40000
0.003037200000	  85.60000
0.003037400000	  83.20000
0.003037600000	  81.60000
0.003037800000	  80.80000
0.003038000000	  79.20000
0.003038200000	  77.60000
0.003038400000	  75.20000
0.003038600000	  74.40000
0.003038800000	  71.20000
0.003039000000	  70.40000
0.003039200000	  67.20000
0.003039400000	  66.40000
0.003039600000	  63.20000
0.003039800000	  62.40000
0.003040000000	  60.00000
0.003040200000	  59.20000
0.003040400000	  56.80000
0.003040600000	  55.20000
0.003040800000	  52.80000
0.003041000000	  51.20000
0.003041200000	  48.80000
0.003041400000	  47.20000
0.003041600000	  44.80000
0.003041800000	  43.20000
0.003042000000	  40.80000
0.003042200000	  39.20000
0.003042400000	  37.60000
0.003042600000	  35.20000
0.003042800000	  33.60000
0.003043000000	  31.20000
0.003043200000	  28.80000
0.003043400000	  27.20000
0.003043600000	  25.60000
0.003043800000	  24.00000
0.003044000000	  22.40000
0.003044200000	  20.00000
0.003044400000	  18.40000
0.003044600000	  16.80000
0.003044800000	  14.40000
0.003045000000	  12.80000
0.003045200000	  11.20000
0.003045400000	  10.40000
0.003045600000	   8.80000
0.003045800000	   7.20000
0.003046000000	   5.60000
0.003046200000	   4.80000
0.003046400000	   3.20000
0.003046600000	   1.60000
0.003046800000	   0.00000
0.003047000000	  -1.60000
0.003047200000	  -2.40000
0.003047400000	  -4.00000
0.003047600000	  -4.80000
0.003047800000	  -5.60000
0.003048000000	  -6.40000
0.003048200000	  -7.20000
0.003048400000	  -8.80000
0.003048600000	  -8.80000
0.003048800000	  -8.80000
0.003049000000	 -10.40000
0.003049200000	 -11.20000
0.003049400000	 -12.00000
0.003049600000	 -12.00000
0.003049800000	 -12.00000
0.003050000000	 -12.80000
0.003050200000	 -13.60000
0.003050400000	 -12.80000
0.003050600000	 -12.80000
0.003050800000	 -14.40000
0.003051000000	 -13.60000
0.003051200000	 -14.40000
0.003051400000	 -12.80000
0.003051600000	 -14.40000
0.003051800000	 -14.40000
0.003052000000	 -12.80000
0.003052200000	 -13.60000
0.003052400000	 -13.60000
0.003052600000	 -12.00000
0.003052800000	 -12.00000
0.003053000000	 -11.20000
0.003053200000	 -11.20000
0.003053400000	 -11.20000
0.003053600000	  -8.80000
0.003053800000	  -8.00000
0.003054000000	  -8.00000
0.003054200000	  -6.40000
0.003054400000	  -5.60000
0.003054600000	  -3.20000
0.003054800000	  -3.20000
0.003055000000	  -1.60000
0.003055200000	  -0.80000
0.003055400000	   0.80000
0.003055600000	   0.80000
0.003055800000	   2.40000
0.003056000000	   4.00000
0.003056200000	   5.60000
0.003056400000	   6.40000
0.003056600000	   8.00000
0.003056800000	   8.80000
0.003057000000	  12.00000
0.003057200000	  12.80000
0.003057400000	  14.40000
0.003057600000	  16.00000
0.003057800000	  17.60000
0.003058000000	  19.20000
0.003058200000	  21.60000
0.003058400000	  22.40000
0.003058600000	  24.00000
0.003058800000	  26.40000
0.003059000000	  28.00000
0.003059200000	  29.60000
0.003059400000	  31.20000
0.003059600000	  32.80000
0.003059800000	  34.40000
0.003060000000	  36.80000
0.003060200000	  39.20000
0.003060400000	  40.80000
0.003060600000	  43.20000
0.003060800000	  44.80000
0.003061000000	  46.40000
0.003061200000	  47.20000
0.003061400000	  48.80000
0.003061600000	  52.00000
0.003061800000	  53.60000
0.003062000000	  55.20000
0.003062200000	  57.60000
0.003062400000	  58.40000
0.003062600000	  59.20000
0.003062800000	  62.40000
0.003063000000	  63.20000
0.003063200000	  64.80000
0.003063400000	  67.20000
0.003063600000	  68.00000
0.003063800000	  69.60000
0.003064000000	  71.20000
0.003064200000	  73.60000
0.003064400000	  75.20000
0.003064600000	  76.80000
0.003064800000	  77.60000
0.003065000000	  78.40000
0.003065200000	  80.00000
0.003065400000	  81.60000
0.003065600000	  83.20000
0.003065800000	  84.00000
0.003066000000	  84.80000
0.003066200000	  85.60000
0.003066400000	  86.40000
0.003066600000	  88.00000
0.003066800000	  89.60000
0.003067000000	  89.60000
0.003067200000	  89.60000
0.003067400000	  91.20000
0.003067600000	  92.00000
0.003067800000	  91.20000
0.003068000000	  93.60000
0.003068200000	  95.20000
0.003068400000	  96.00000
0.003068600000	  95.20000
0.003068800000	  94.40000
0.003069000000	  95.20000
0.003069200000	  96.00000
0.003069400000	  96.00000
0.003069600000	  95.20000
0.003069800000	  96.80000
0.003070000000	  97.60000
0.003070200000	  96.00000
0.003070400000	  95.20000
0.003070600000	  96.00000
0.003070800000	  96.00000
0.003071000000	  94.40000
0.003071200000	  95.20000
0.003071400000	  95.20000
0.003071600000	  95.20000
0.003071800000	  93.60000
0.003072000000	  92.80000
0.003072200000	  93.60000
0.003072400000	  92.80000
0.003072600000	  92.00000
0.003072800000	  91.20000
0.003073000000	  90.40000
0.003073200000	  89.60000
0.003073400000	  88.00000
0.003073600000	  87.20000
0.003073800000	  86.40000
0.003074000000	  85.60000
0.003074200000	  84.00000
0.003074400000	  82.40000
0.003074600000	  81.60000
0.003074800000	  81.60000
0.003075000000	  79.20000
0.003075200000	  77.60000
0.003075400000	  76.00000
0.003075600000	  75.20000
0.003075800000	  74.40000
0.003076000000	  72.80000
0.003076200000	  71.20000
0.003076400000	  69.60000
0.003076600000	  68.00000
0.003076800000	  67.20000
0.003077000000	  65.60000
0.003077200000	  63.20000
0.003077400000	  62.40000
0.003077600000	  60.80000
0.003077800000	  58.40000
0.003078000000	  57.60000
0.003078200000	  56.00000
0.003078400000	  53.60000
0.003078600000	  52.00000
0.003078800000	  50.40000
0.003079000000	  49.60000
0.003079200000	  46.40000
0.003079400000	  45.60000
0.003079600000	  44.00000
0.003079800000	  42.40000
0.003080000000	  40.00000
0.003080200000	  38.40000
0.003080400000	  36.00000
0.003080600000	  36.00000
0.003080800000	  33.60000
0.003081000000	  32.00000
0.003081200000	  31.20000
0.003081400000	  28.00000
0.003081600000	  26.40000
0.003081800000	  26.40000
0.003082000000	  24.00000
0.003082200000	  23.20000
0.003082400000	  21.60000
0.003082600000	  20.00000
0.003082800000	  18.40000
0.003083000000	  16.80000
0.003083200000	  15.20000
0.003083400000	  14.40000
0.003083600000	  12.00000
0.003083800000	  11.20000
0.003084000000	  10.40000
0.003084200000	   8.80000
0.003084400000	   7.20000
0.003084600000	   7.20000
0.003084800000	   6.40000
0.003085000000	   4.80000
0.003085200000	   4.00000
0.003085400000	   2.40000
0.003085600000	   1.60000
0.003085800000	   0.80000
0.003086000000	   0.00000
0.003086200000	  -0.80000
0.003086400000	  -2.40000
0.003086600000	  -1.60000
0.003086800000	  -2.40000
0.003087000000	  -3.20000
0.003087200000	  -4.00000
0.003087400000	  -3.20000
0.003087600000	  -4.80000
0.003087800000	  -5.60000
0.003088000000	  -5.60000
0.003088200000	  -4.80000
0.003088400000	  -6.40000
0.003088600000	  -5.60000
0.003088800000	  -4.80000
0.003089000000	  -5.60000
0.003089200000	  -6.40000
0.003089400000	  -6.40000
0.003089600000	  -6.40000
0.003089800000	  -5.60000
0.003090000000	  -4.80000
0.003090200000	  -4.80000
0.003090400000	  -4.00000
0.003090600000	  -3.20000
0.003090800000	  -4.00000
0.003091000000	  -2.40000
0.003091200000	  -4.00000
0.003091400000	  -2.40000
0.003091600000	   0.00000
0.003091800000	  -1.60000
0.003092000000	   0.00000
0.003092200000	   0.80000
0.003092400000	   1.60000
0.003092600000	   2.40000
0.003092800000	   4.00000
0.003093000000	   4.80000
0.003093200000	   4.80000
0.003093400000	   7.20000
0.003093600000	   8.00000
0.003093800000	   8.80000
0.003094000000	   9.60000
0.003094200000	  11.20000
0.003094400000	  12.80000
0.003094600000	  13.60000
0.003094800000	  14.40000
0.003095000000	  16.00000
0.003095200000	  16.80000
0.003095400000	  18.40000
0.003095600000	  20.00000
0.003095800000	  20.80000
0.003096000000	  24.00000
0.003096200000	  24.00000
0.003096400000	  25.60000
0.003096600000	  28.00000
0.003096800000	  28.80000
0.003097000000	  31.20000
0.003097200000	  32.80000
0.003097400000	  34.40000
0.003097600000	  35.20000
0.003097800000	  37.60000
0.003098000000	  39.20000
0.003098200000	  40.00000
0.003098400000	  40.80000
0.003098600000	  42.40000
0.003098800000	  45.60000
0.003099000000	  45.60000
0.003099200000	  48.00000
0.003099400000	  48.80000
0.003099600000	  51.20000
0.003099800000	  53.60000
0.003100000000	  53.60000
0.003100200000	  56.00000
0.003100400000	  56.80000
0.003100600000	  59.20000
0.003100800000	  59.20000
0.003101000000	  60.80000
0.003101200000	  63.20000
0.003101400000	  64.00000
0.003101600000	  66.40000
0.003101800000	  66.40000
0.003102000000	  68.00000
0.003102200000	  69.60000
0.003102400000	  70.40000
0.003102600000	  71.20000
0.003102800000	  72.80000
0.003103000000	  75.20000
0.003103200000	  76.00000
0.003103400000	  75.20000
0.003103600000	  76.80000
0.003103800000	  79.20000
0.003104000000	  79.20000
0.003104200000	  80.00000
0.003104400000	  80.80000
0.003104600000	  81.60000
0.003104800000	  82.40000
0.003105000000	  83.20000
0.003105200000	  83.20000
0.003105400000	  84.80000
0.003105600000	  84.80000
0.003105800000	  84.80000
0.003106000000	  85.60000
0.003106200000	  87.20000
0.003106400000	  87.20000
0.003106600000	  87.20000
0.003106800000	  88.00000
0.003107000000	  88.00000
0.003107200000	  88.80000
0.003107400000	  88.00000
0.003107600000	  88.00000
0.003107800000	  88.80000
0.003108000000	  88.80000
0.003108200000	  88.80000
0.003108400000	  88.00000
0.003108600000	  88.00000
0.003108800000	  88.80000
0.003109000000	  87.20000
0.003109200000	  87.20000
0.003109400000	  87.20000
0.003109600000	  87.20000
0.003109800000	  86.40000
0.003110000000	  86.40000
0.003110200000	  84.80000
0.003110400000	  84.80000
0.003110600000	  84.00000
0.003110800000	  84.00000
0.003111000000	  83.20000
0.003111200000	  81.60000
0.003111400000	  81.60000
0.003111600000	  80.00000
0.003111800000	  79.20000
0.003112000000	  78.40000
0.003112200000	  77.60000
0.003112400000	  76.80000
0.003112600000	  76.00000
0.003112800000	  75.20000
0.003113000000	  73.60000
0.003113200000	  72.80000
0.003113400000	  71.20000
0.003113600000	  70.40000
0.003113800000	  68.80000
0.003114000000	  67.20000
0.003114200000	  67.20000
0.003114400000	  65.60000
0.003114600000	  64.80000
0.003114800000	  62.40000
0.003115000000	  60.80000
0.003115200000	  60.00000
0.003115400000	  58.40000
0.003115600000	  57.60000
0.003115800000	  56.00000
0.003116000000	  55.20000
0.003116200000	  52.00000
0.003116400000	  51.20000
0.003116600000	  50.40000
0.003116800000	  48.80000
0.003117000000	  47.20000
0.003117200000	  46.40000
0.003117400000	  44.80000
0.003117600000	  44.00000
0.003117800000	  42.40000
0.003118000000	  40.00000
0.003118200000	  39.20000
0.003118400000	  36.80000
0.003118600000	  36.80000
0.003118800000	  33.60000
0.003119000000	  32.80000
0.003119200000	  31.20000
0.003119400000	  29.60000
0.003119600000	  29.60000
0.003119800000	  28.00000
0.003120000000	  26.40000
0.003120200000	  25.60000
0.003120400000	  24.00000
0.003120600000	  22.40000
0.003120800000	  21.60000
0.003121000000	  19.20000
0.003121200000	  17.60000
0.003121400000	  17.60000
0.003121600000	  16.00000
0.003121800000	  15.20000
0.003122000000	  14.40000
0.003122200000	  13.60000
0.003122400000	  12.80000
0.003122600000	  11.20000
0.003122800000	  11.20000
0.003123000000	  11.20000
0.003123200000	   8.00000
0.003123400000	   8.00000
0.003123600000	   7.20000
0.003123800000	   7.20000
0.003124000000	   5.60000
0.003124200000	   4.80000
0.003124400000	   4.80000
0.003124600000	   4.80000
0.003124800000	   4.00000
0.003125000000	   2.40000
0.003125200000	   3.20000
0.003125400000	   3.20000
0.003125600000	   2.40000
0.003125800000	   1.60000
0.003126000000	   0.80000
0.003126200000	   0.80000
0.003126400000	   1.60000
0.003126600000	   0.80000
0.003126800000	   1.60000
0.003127000000	   0.80000
0.003127200000	   1.60000
0.003127400000	   1.60000
0.003127600000	   0.80000
0.003127800000	   1.60000
0.003128000000	   2.40000
0.003128200000	   2.40000
0.003128400000	   2.40000
0.003128600000	   2.40000
0.003128800000	   3.20000
0.003129000000	   4.80000
0.003129200000	   4.00000
0.003129400000	   5.60000
0.003129600000	   5.60000
0.003129800000	   6.40000
0.003130000000	   6.40000
0.003130200000	   7.20000
0.003130400000	   8.00000
0.003130600000	   9.60000
0.003130800000	   8.80000
0.003131000000	  10.40000
0.003131200000	  12.00000
0.003131400000	  12.80000
0.003131600000	  12.80000
0.003131800000	  13.60000
0.003132000000	  16.00000
0.003132200000	  16.00000
0.003132400000	  16.80000
0.003132600000	  18.40000
0.003132800000	  19.20000
0.003133000000	  21.60000
0.003133200000	  22.40000
0.003133400000	  23.20000
0.003133600000	  23.20000
0.003133800000	  25.60000
0.003134000000	  27.20000
0.003134200000	  28.00000
0.003134400000	  29.60000
0.003134600000	  31.20000
0.003134800000	  31.20000
0.003135000000	  32.80000
0.003135200000	  34.40000
0.003135400000	  35.20000
0.003135600000	  37.60000
0.003135800000	  38.40000
0.003136000000	  39.20000
0.003136200000	  41.60000
0.003136400000	  42.40000
0.003136600000	  44.00000
0.003136800000	  44.80000
0.003137000000	  46.40000
0.003137200000	  48.00000
0.003137400000	  49.60000
0.003137600000	  50.40000
0.003137800000	  51.20000
0.003138000000	  52.80000
0.003138200000	  54.40000
0.003138400000	  56.00000
0.003138600000	  56.00000
0.003138800000	  59.20000
0.003139000000	  59.20000
0.003139200000	  60.00000
0.003139400000	  62.40000
0.003139600000	  63.20000
0.003139800000	  64.00000
0.003140000000	  64.80000
0.003140200000	  66.40000
0.003140400000	  67.20000
0.003140600000	  68.00000
0.003140800000	  69.60000
0.003141000000	  70.40000
0.003141200000	  71.20000
0.003141400000	  71.20000
0.003141600000	  72.80000
0.003141800000	  73.60000
0.003142000000	  74.40000
0.003142200000	  75.20000
0.003142400000	  76.00000
0.003142600000	  76.80000
0.003142800000	  77.60000
0.003143000000	  76.80000
0.003143200000	  78.40000
0.003143400000	  78.40000
0.003143600000	  80.00000
0.003143800000	  80.00000
0.003144000000	  80.00000
0.003144200000	  80.80000
0.003144400000	  80.80000
0.003144600000	  80.80000
0.003144800000	  81.60000
0.003145000000	  81.60000
0.003145200000	  82.40000
0.003145400000	  80.80000
0.003145600000	  81.60000
0.003145800000	  82.40000
0.003146000000	  81.60000
0.003146200000	  81.60000
0.003146400000	  80.00000
0.003146600000	  82.40000
0.003146800000	  81.60000
0.003147000000	  80.80000
0.003147200000	  80.80000
0.003147400000	  80.80000
0.003147600000	  80.80000
0.003147800000	  80.00000
0.003148000000	  79.20000
0.003148200000	  78.40000
0.003148400000	  78.40000
0.003148600000	  78.40000
0.003148800000	  77.60000
0.003149000000	  76.00000
0.003149200000	  76.80000
0.003149400000	  76.00000
0.003149600000	  76.00000
0.003149800000	  73.60000
0.003150000000	  73.60000
0.003150200000	  72.80000
0.003150400000	  72.00000
0.003150600000	  71.20000
0.003150800000	  70.40000
0.003151000000	  69.60000
0.003151200000	  67.20000
0.003151400000	  67.20000
0.003151600000	  65.60000
0.003151800000	  65.60000
0.003152000000	  63.20000
0.003152200000	  63.20000
0.003152400000	  62.40000
0.003152600000	  60.00000
0.003152800000	  58.40000
0.003153000000	  58.40000
0.003153200000	  57.60000
0.003153400000	  56.80000
0.003153600000	  55.20000
0.003153800000	  54.40000
0.003154000000	  51.20000
0.003154200000	  51.20000
0.003154400000	  49.60000
0.003154600000	  48.80000
0.003154800000	  48.00000
0.003155000000	  46.40000
0.003155200000	  45.60000
0.003155400000	  43.20000
0.003155600000	  41.60000
0.003155800000	  40.00000
0.003156000000	  40.00000
0.003156200000	  38.40000
0.003156400000	  36.80000
0.003156600000	  36.80000
0.003156800000	  35.20000
0.003157000000	  33.60000
0.003157200000	  32.80000
0.003157400000	  31.20000
0.003157600000	  29.60000
0.003157800000	  28.00000
0.003158000000	  28.00000
0.003158200000	  26.40000
0.003158400000	  26.40000
0.003158600000	  24.80000
0.003158800000	  22.40000
0.003159000000	  21.60000
0.003159200000	  21.60000
0.003159400000	  20.80000
0.003159600000	  20.80000
0.003159800000	  19.20000
0.003160000000	  17.60000
0.003160200000	  17.60000
0.003160400000	  15.20000
0.003160600000	  15.20000
0.003160800000	  15.20000
0.003161000000	  15.20000
0.003161200000	  13.60000
0.003161400000	  12.80000
0.003161600000	  12.00000
0.003161800000	  12.00000
0.003162000000	  10.40000
0.003162200000	  10.40000
0.003162400000	  10.40000
0.003162600000	   9.60000
0.003162800000	   8.00000
0.003163000000	   8.80000
0.003163200000	   8.80000
0.003163400000	   8.00000
0.003163600000	   8.00000
0.003163800000	   8.00000
0.003164000000	   7.20000
0.003164200000	   7.20000
0.003164400000	   7.20000
0.003164600000	   7.20000
0.003164800000	   7.20000
0.003165000000	   7.20000
0.003165200000	   7.20000
0.003165400000	   6.40000
0.003165600000	   8.00000
0.003165800000	   7.20000
0.003166000000	   8.00000
0.003166200000	   8.00000
0.003166400000	   8.80000
0.003166600000	   8.80000
0.003166800000	   9.60000
0.003167000000	   9.60000
0.003167200000	  10.40000
0.003167400000	  11.20000
0.003167600000	  10.40000
0.003167800000	  10.40000
0.003168000000	  12.80000
0.003168200000	  12.00000
0.003168400000	  13.60000
0.003168600000	  14.40000
0.003168800000	  14.40000
0.003169000000	  16.00000
0.003169200000	  16.80000
0.003169400000	  17.60000
0.003169600000	  18.40000
0.003169800000	  18.40000
0.003170000000	  19.20000
0.003170200000	  20.80000
0.003170400000	  20.80000
0.003170600000	  22.40000
0.003170800000	  24.00000
0.003171000000	  24.00000
0.003171200000	  24.80000
0.003171400000	  26.40000
0.003171600000	  28.00000
0.003171800000	  28.00000
0.003172000000	  29.60000
0.003172200000	  30.40000
0.003172400000	  32.00000
0.003172600000	  32.80000
0.003172800000	  34.40000
0.003173000000	  35.20000
0.003173200000	  36.00000
0.003173400000	  38.40000
0.003173600000	  38.40000
0.003173800000	  40.00000
0.003174000000	  40.80000
0.003174200000	  41.60000
0.003174400000	  42.40000
0.003174600000	  44.00000
0.003174800000	  45.60000
0.003175000000	  47.20000
0.003175200000	  47.20000
0.003175400000	  48.80000
0.003175600000	  49.60000
0.003175800000	  51.20000
0.003176000000	  52.00000
0.003176200000	  52.80000
0.003176400000	  54.40000
0.003176600000	  56.00000
0.003176800000	  56.00000
0.003177000000	  57.60000
0.003177200000	  58.40000
0.003177400000	  60.00000
0.003177600000	  60.00000
0.003177800000	  61.60000
0.003178000000	  62.40000
0.003178200000	  63.20000
0.003178400000	  64.80000
0.003178600000	  65.60000
0.003178800000	  65.60000
0.003179000000	  66.40000
0.003179200000	  67.20000
0.003179400000	  67.20000
0.003179600000	  68.80000
0.003179800000	  69.60000
0.003180000000	  70.40000
0.003180200000	  70.40000
0.003180400000	  72.80000
0.003180600000	  72.00000
0.003180800000	  73.60000
0.003181000000	  72.00000
0.003181200000	  73.60000
0.003181400000	  74.40000
0.003181600000	  74.40000
0.003181800000	  75.20000
0.003182000000	  75.20000
0.003182200000	  76.00000
0.003182400000	  76.00000
0.003182600000	  75.20000
0.003182800000	  75.20000
0.003183000000	  77.60000
0.003183200000	  76.80000
0.003183400000	  76.80000
0.003183600000	  76.00000
0.003183800000	  76.80000
0.003184000000	  76.00000
0.003184200000	  76.00000
0.003184400000	  76.00000
0.003184600000	  77.60000
0.003184800000	  76.00000
0.003185000000	  75.20000
0.003185200000	  75.20000
0.003185400000	  76.00000
0.003185600000	  74.40000
0.003185800000	  74.40000
0.003186000000	  74.40000
0.003186200000	  74.40000
0.003186400000	  73.60000
0.003186600000	  72.80000
0.003186800000	  72.00000
0.003187000000	  72.00000
0.003187200000	  72.00000
0.003187400000	  70.40000
0.003187600000	  69.60000
0.003187800000	  69.60000
0.003188000000	  68.80000
0.003188200000	  68.00000
0.003188400000	  66.40000
0.003188600000	  65.60000
0.003188800000	  65.60000
0.003189000000	  64.80000
0.003189200000	  64.80000
0.003189400000	  63.20000
0.003189600000	  62.40000
0.003189800000	  60.80000
0.003190000000	  60.00000
0.003190200000	  58.40000
0.003190400000	  58.40000
0.003190600000	  58.40000
0.003190800000	  56.00000
0.003191000000	  56.00000
0.003191200000	  53.60000
0.003191400000	  52.80000
0.003191600000	  52.00000
0.003191800000	  51.20000
0.003192000000	  50.40000
0.003192200000	  49.60000
0.003192400000	  48.00000
0.003192600000	  48.00000
0.003192800000	  45.60000
0.003193000000	  44.80000
0.003193200000	  44.80000
0.003193400000	  43.20000
0.003193600000	  41.60000
0.003193800000	  41.60000
0.003194000000	  40.00000
0.003194200000	  37.60000
0.003194400000	  37.60000
0.003194600000	  36.80000
0.003194800000	  36.80000
0.003195000000	  34.40000
0.003195200000	  33.60000
0.003195400000	  32.80000
0.003195600000	  32.80000
0.003195800000	  31.20000
0.003196000000	  29.60000
0.003196200000	  29.60000
0.003196400000	  28.80000
0.003196600000	  26.40000
0.003196800000	  26.40000
0.003197000000	  24.80000
0.003197200000	  24.00000
0.003197400000	  24.00000
0.003197600000	  22.40000
0.003197800000	  21.60000
0.003198000000	  20.80000
0.003198200000	  20.00000
0.003198400000	  19.20000
0.003198600000	  18.40000
0.003198800000	  18.40000
0.003199000000	  18.40000
0.003199200000	  17.60000
0.003199400000	  17.60000
0.003199600000	  16.80000
0.003199800000	  16.00000
0.003200000000	  15.20000
0.003200200000	  13.60000
0.003200400000	  13.60000
0.003200600000	  14.40000
0.003200800000	  13.60000
0.003201000000	  12.80000
0.003201200000	  12.80000
0.003201400000	  13.60000
0.003201600000	  12.00000
0.003201800000	  12.00000
0.003202000000	  12.00000
0.003202200000	  12.80000
0.003202400000	  12.00000
0.003202600000	  12.80000
0.003202800000	  12.80000
0.003203000000	  12.80000
0.003203200000	  12.00000
0.003203400000	  12.80000
0.003203600000	  12.00000
0.003203800000	  12.00000
0.003204000000	  12.80000
0.003204200000	  12.80000
0.003204400000	  13.60000
0.003204600000	  12.80000
0.003204800000	  14.40000
0.003205000000	  14.40000
0.003205200000	  15.20000
0.003205400000	  16.00000
0.003205600000	  16.00000
0.003205800000	  16.00000
0.003206000000	  16.80000
0.003206200000	  17.60000
0.003206400000	  16.80000
0.003206600000	  19.20000
0.003206800000	  19.20000
0.003207000000	  20.80000
0.003207200000	  20.00000
0.003207400000	  21.60000
0.003207600000	  21.60000
0.003207800000	  21.60000
0.003208000000	  23.20000
0.003208200000	  23.20000
0.003208400000	  24.80000
0.003208600000	  26.40000
0.003208800000	  28.00000
0.003209000000	  28.00000
0.003209200000	  28.80000
0.003209400000	  29.60000
0.003209600000	  29.60000
0.003209800000	  31.20000
0.003210000000	  31.20000
0.003210200000	  32.80000
0.003210400000	  34.40000
0.003210600000	  34.40000
0.003210800000	  36.00000
0.003211000000	  36.80000
0.003211200000	  38.40000
0.003211400000	  38.40000
0.003211600000	  40.00000
0.003211800000	  40.80000
0.003212000000	  41.60000
0.003212200000	  42.40000
0.003212400000	  44.80000
0.003212600000	  44.80000
0.003212800000	  46.40000
0.003213000000	  46.40000
0.003213200000	  48.00000
0.003213400000	  48.80000
0.003213600000	  49.60000
0.003213800000	  51.20000
0.003214000000	  50.40000
0.003214200000	  52.80000
0.003214400000	  52.80000
0.003214600000	  53.60000
0.003214800000	  54.40000
0.003215000000	  56.00000
0.003215200000	  56.80000
0.003215400000	  57.60000
0.003215600000	  58.40000
0.003215800000	  60.00000
0.003216000000	  60.00000
0.003216200000	  61.60000
0.003216400000	  61.60000
0.003216600000	  62.40000
0.003216800000	  63.20000
0.003217000000	  63.20000
0.003217200000	  64.00000
0.003217400000	  64.80000
0.003217600000	  65.60000
0.003217800000	  65.60000
0.003218000000	  67.20000
0.003218200000	  67.20000
0.003218400000	  67.20000
0.003218600000	  68.00000
0.003218800000	  68.00000
0.003219000000	  68.80000
0.003219200000	  69.60000
0.003219400000	  70.40000
0.003219600000	  69.60000
0.003219800000	  70.40000
0.003220000000	  70.40000
0.003220200000	  70.40000
0.003220400000	  71.20000
0.003220600000	  70.40000
0.003220800000	  71.20000
0.003221000000	  71.20000
0.003221200000	  72.00000
0.003221400000	  71.20000
0.003221600000	  72.00000
0.003221800000	  72.80000
0.003222000000	  72.80000
0.003222200000	  70.40000
0.003222400000	  71.20000
0.003222600000	  71.20000
0.003222800000	  70.40000
0.003223000000	  72.00000
0.003223200000	  70.40000
0.003223400000	  70.40000
0.003223600000	  70.40000
0.003223800000	  70.40000
0.003224000000	  69.60000
0.003224200000	  68.80000
0.003224400000	  68.80000
0.003224600000	  68.00000
0.003224800000	  68.00000
0.003225000000	  67.20000
0.003225200000	  66.40000
0.003225400000	  66.40000
0.003225600000	  65.60000
0.003225800000	  64.80000
0.003226000000	  64.80000
0.003226200000	  63.20000
0.003226400000	  63.20000
0.003226600000	  62.40000
0.003226800000	  63.20000
0.003227000000	  60.80000
0.003227200000	  60.00000
0.003227400000	  60.00000
0.003227600000	  58.40000
0.003227800000	  58.40000
0.003228000000	  57.60000
0.003228200000	  56.80000
0.003228400000	  56.00000
0.003228600000	  56.00000
0.003228800000	  53.60000
0.003229000000	  52.80000
0.003229200000	  52.00000
0.003229400000	  51.20000
0.003229600000	  49.60000
0.003229800000	  49.60000
0.003230000000	  49.60000
0.003230200000	  48.00000
0.003230400000	  45.60000
0.003230600000	  46.40000
0.003230800000	  45.60000
0.003231000000	  44.80000
0.003231200000	  43.20000
0.003231400000	  42.40000
0.003231600000	  40.80000
0.003231800000	  41.60000
0.003232000000	  40.00000
0.003232200000	  38.40000
0.003232400000	  37.60000
0.003232600000	  36.80000
0.003232800000	  36.00000
0.003233000000	  35.20000
0.003233200000	  35.20000
0.003233400000	  34.40000
0.003233600000	  32.80000
0.003233800000	  31.20000
0.003234000000	  30.40000
0.003234200000	  30.40000
0.003234400000	  28.80000
0.003234600000	  28.00000
0.003234800000	  27.20000
0.003235000000	  26.40000
0.003235200000	  26.40000
0.003235400000	  26.40000
0.003235600000	  25.60000
0.003235800000	  25.60000
0.003236000000	  24.00000
0.003236200000	  23.20000
0.003236400000	  22.40000
0.003236600000	  22.40000
0.003236800000	  20.80000
0.003237000000	  20.80000
0.003237200000	  20.00000
0.003237400000	  20.00000
0.003237600000	  19.20000
0.003237800000	  19.20000
0.003238000000	  17.60000
0.003238200000	  18.40000
0.003238400000	  19.20000
0.003238600000	  17.60000
0.003238800000	  17.60000
0.003239000000	  18.40000
0.003239200000	  18.40000
0.003239400000	  17.60000
0.003239600000	  16.80000
0.003239800000	  16.00000
0.003240000000	  16.80000
0.003240200000	  17.60000
0.003240400000	  16.00000
0.003240600000	  16.00000
0.003240800000	  16.80000
0.003241000000	  16.80000
0.003241200000	  16.80000
0.003241400000	  16.80000
0.003241600000	  16.80000
0.003241800000	  18.40000
0.003242000000	  17.60000
0.003242200000	  17.60000
0.003242400000	  18.40000
0.003242600000	  18.40000
0.003242800000	  18.40000
0.003243000000	  18.40000
0.003243200000	  19.20000
0.003243400000	  19.20000
0.003243600000	  20.80000
0.003243800000	  20.00000
0.003244000000	  20.80000
0.003244200000	  21.60000
0.003244400000	  21.60000
0.003244600000	  23.20000
0.003244800000	  22.40000
0.003245000000	  23.20000
0.003245200000	  24.80000
0.003245400000	  24.00000
0.003245600000	  26.40000
0.003245800000	  26.40000
0.003246000000	  26.40000
0.003246200000	  27.20000
0.003246400000	  28.00000
0.003246600000	  28.80000
0.003246800000	  29.60000
0.003247000000	  30.40000
0.003247200000	  31.20000
0.003247400000	  32.00000
0.003247600000	  33.60000
0.003247800000	  32.80000
0.003248000000	  33.60000
0.003248200000	  35.20000
0.003248400000	  36.00000
0.003248600000	  36.00000
0.003248800000	  38.40000
0.003249000000	  38.40000
0.003249200000	  39.20000
0.003249400000	  40.00000
0.003249600000	  40.80000
0.003249800000	  41.60000
0.003250000000	  44.00000
0.003250200000	  42.40000
0.003250400000	  44.80000
0.003250600000	  44.80000
0.003250800000	  45.60000
0.003251000000	  46.40000
0.003251200000	  48.80000
0.003251400000	  47.20000
0.003251600000	  48.80000
0.003251800000	  50.40000
0.003252000000	  51.20000
0.003252200000	  50.40000
0.003252400000	  52.80000
0.003252600000	  52.80000
0.003252800000	  54.40000
0.003253000000	  54.40000
0.003253200000	  55.20000
0.003253400000	  55.20000
0.003253600000	  55.20000
0.003253800000	  56.00000
0.003254000000	  58.40000
0.003254200000	  58.40000
0.003254400000	  58.40000
0.003254600000	  59.20000
0.003254800000	  60.00000
0.003255000000	  60.80000
0.003255200000	  61.60000
0.003255400000	  61.60000
0.003255600000	  62.40000
0.003255800000	  63.20000
0.003256000000	  63.20000
0.003256200000	  64.80000
0.003256400000	  64.80000
0.003256600000	  65.60000
0.003256800000	  64.00000
0.003257000000	  64.00000
0.003257200000	  65.60000
0.003257400000	  65.60000
0.003257600000	  66.40000
0.003257800000	  66.40000
0.003258000000	  66.40000
0.003258200000	  67.20000
0.003258400000	  66.40000
0.003258600000	  67.20000
0.003258800000	  67.20000
0.003259000000	  67.20000
0.003259200000	  68.00000
0.003259400000	  68.00000
0.003259600000	  67.20000
0.003259800000	  68.00000
0.003260000000	  67.20000
0.003260200000	  66.40000
0.003260400000	  67.20000
0.003260600000	  66.40000
0.003260800000	  67.20000
0.003261000000	  66.40000
0.003261200000	  66.40000
0.003261400000	  66.40000
0.003261600000	  66.40000
0.003261800000	  65.60000
0.003262000000	  64.80000
0.003262200000	  65.60000
0.003262400000	  64.80000
0.003262600000	  64.00000
0.003262800000	  64.00000
0.003263000000	  63.20000
0.003263200000	  62.40000
0.003263400000	  62.40000
0.003263600000	  60.80000
0.003263800000	  62.40000
0.003264000000	  61.60000
0.003264200000	  60.00000
0.003264400000	  60.00000
0.003264600000	  59.20000
0.003264800000	  58.40000
0.003265000000	  57.60000
0.003265200000	  58.40000
0.003265400000	  56.80000
0.003265600000	  57.60000
0.003265800000	  56.00000
0.003266000000	  55.20000
0.003266200000	  54.40000
0.003266400000	  54.40000
0.003266600000	  52.80000
0.003266800000	  51.20000
0.003267000000	  51.20000
0.003267200000	  50.40000
0.003267400000	  49.60000
0.003267600000	  48.80000
0.003267800000	  48.00000
0.003268000000	  48.00000
0.003268200000	  46.40000
0.003268400000	  46.40000
0.003268600000	  44.80000
0.003268800000	  44.80000
0.003269000000	  43.20000
0.003269200000	  43.20000
0.003269400000	  40.80000
0.003269600000	  41.60000
0.003269800000	  40.00000
0.003270000000	  39.20000
0.003270200000	  39.20000
0.003270400000	  37.60000
0.003270600000	  36.80000
0.003270800000	  36.80000
0.003271000000	  36.00000
0.003271200000	  35.20000
0.003271400000	  33.60000
0.003271600000	  34.40000
0.003271800000	  32.80000
0.003272000000	  32.00000
0.003272200000	  30.40000
0.003272400000	  32.00000
0.003272600000	  31.20000
0.003272800000	  28.80000
0.003273000000	  28.80000
0.003273200000	  28.00000
0.003273400000	  27.20000
0.003273600000	  26.40000
0.003273800000	  26.40000
0.003274000000	  25.60000
0.003274200000	  25.60000
0.003274400000	  24.80000
0.003274600000	  23.20000
0.003274800000	  24.80000
0.003275000000	  24.80000
0.003275200000	  24.00000
0.003275400000	  24.00000
0.003275600000	  23.20000
0.003275800000	  22.40000
0.003276000000	  21.60000
0.003276200000	  22.40000
0.003276400000	  21.60000
0.003276600000	  21.60000
0.003276800000	  20.80000
0.003277000000	  20.80000
0.003277200000	  20.00000
0.003277400000	  20.00000
0.003277600000	  19.20000
0.003277800000	  20.80000
0.003278000000	  20.80000
0.003278200000	  20.00000
0.003278400000	  19.20000
0.003278600000	  20.80000
0.003278800000	  20.80000
0.003279000000	  20.80000
0.003279200000	  20.80000
0.003279400000	  20.00000
0.003279600000	  20.80000
0.003279800000	  21.60000
0.003280000000	  20.80000
0.003280200000	  20.80000
0.003280400000	  21.60000
0.003280600000	  21.60000
0.003280800000	  21.60000
0.003281000000	  21.60000
0.003281200000	  23.20000
0.003281400000	  24.00000
0.003281600000	  23.20000
0.003281800000	  23.20000
0.003282000000	  24.00000
0.003282200000	  25.60000
0.003282400000	  24.80000
0.003282600000	  25.60000
0.003282800000	  24.80000
0.003283000000	  26.40000
0.003283200000	  27.20000
0.003283400000	  28.00000
0.003283600000	  28.00000
0.003283800000	  28.80000
0.003284000000	  28.80000
0.003284200000	  28.80000
0.003284400000	  30.40000
0.003284600000	  30.40000
0.003284800000	  32.00000
0.003285000000	  31.20000
0.003285200000	  33.60000
0.003285400000	  33.60000
0.003285600000	  34.40000
0.003285800000	  35.20000
0.003286000000	  36.00000
0.003286200000	  36.80000
0.003286400000	  36.80000
0.003286600000	  37.60000
0.003286800000	  38.40000
0.003287000000	  40.00000
0.003287200000	  40.80000
0.003287400000	  39.20000
0.003287600000	  41.60000
0.003287800000	  41.60000
0.003288000000	  43.20000
0.003288200000	  43.20000
0.003288400000	  44.00000
0.003288600000	  45.60000
0.003288800000	  45.60000
0.003289000000	  46.40000
0.003289200000	  47.20000
0.003289400000	  48.00000
0.003289600000	  48.80000
0.003289800000	  48.00000
0.003290000000	  49.60000
0.003290200000	  51.20000
0.003290400000	  51.20000
0.003290600000	  52.00000
0.003290800000	  53.60000
0.003291000000	  53.60000
0.003291200000	  53.60000
0.003291400000	  54.40000
0.003291600000	  55.20000
0.003291800000	  55.20000
0.003292000000	  56.00000
0.003292200000	  56.80000
0.003292400000	  57.60000
0.003292600000	  57.60000
0.003292800000	  58.40000
0.003293000000	  58.40000
0.003293200000	  57.60000
0.003293400000	  59.20000
0.003293600000	  60.00000
0.003293800000	  60.00000
0.003294000000	  60.00000
0.003294200000	  60.80000
0.003294400000	  60.80000
0.003294600000	  61.60000
0.003294800000	  62.40000
0.003295000000	  62.40000
0.003295200000	  63.20000
0.003295400000	  62.40000
0.003295600000	  63.20000
0.003295800000	  63.20000
0.003296000000	  64.00000
0.003296200000	  63.20000
0.003296400000	  63.20000
0.003296600000	  62.40000
0.003296800000	  64.00000
0.003297000000	  64.00000
0.003297200000	  64.00000
0.003297400000	  64.00000
0.003297600000	  64.00000
0.003297800000	  64.00000
0.003298000000	  64.00000
0.003298200000	  63.20000
0.003298400000	  64.00000
0.003298600000	  64.00000
0.003298800000	  63.20000
0.003299000000	  63.20000
0.003299200000	  62.40000
0.003299400000	  63.20000
0.003299600000	  62.40000
0.003299800000	  61.60000
0.003300000000	  62.40000
0.003300200000	  61.60000
0.003300400000	  61.60000
0.003300600000	  60.80000
0.003300800000	  60.00000
0.003301000000	  60.80000
0.003301200000	  60.00000
0.003301400000	  58.40000
0.003301600000	  58.40000
0.003301800000	  58.40000
0.003302000000	  57.60000
0.003302200000	  57.60000
0.003302400000	  56.80000
0.003302600000	  56.80000
0.003302800000	  55.20000
0.003303000000	  56.00000
0.003303200000	  55.20000
0.003303400000	  54.40000
0.003303600000	  53.60000
0.003303800000	  52.80000
0.003304000000	  52.80000
0.003304200000	  52.00000
0.003304400000	  52.00000
0.003304600000	  51.20000
0.003304800000	  49.60000
0.003305000000	  49.60000
0.003305200000	  48.80000
0.003305400000	  48.00000
0.003305600000	  48.00000
0.003305800000	  48.00000
0.003306000000	  46.40000
0.003306200000	  45.60000
0.003306400000	  45.60000
0.003306600000	  44.00000
0.003306800000	  44.80000
0.003307000000	  43.20000
0.003307200000	  41.60000
0.003307400000	  41.60000
0.003307600000	  41.60000
0.003307800000	  41.60000
0.003308000000	  39.20000
0.003308200000	  40.00000
0.003308400000	  38.40000
0.003308600000	  38.40000
0.003308800000	  37.60000
0.003309000000	  35.20000
0.003309200000	  36.80000
0.003309400000	  34.40000
0.003309600000	  33.60000
0.003309800000	  33.60000
0.003310000000	  33.60000
0.003310200000	  32.80000
0.003310400000	  32.80000
0.003310600000	  32.00000
0.003310800000	  31.20000
0.003311000000	  30.40000
0.003311200000	  30.40000
0.003311400000	  28.80000
0.003311600000	  28.80000
0.003311800000	  28.80000
0.003312000000	  28.80000
0.003312200000	  28.80000
0.003312400000	  28.00000
0.003312600000	  26.40000
0.003312800000	  27.20000
0.003313000000	  25.60000
0.003313200000	  25.60000
0.003313400000	  25.60000
0.003313600000	  24.80000
0.003313800000	  25.60000
0.003314000000	  24.80000
0.003314200000	  24.00000
0.003314400000	  24.80000
0.003314600000	  24.80000
0.003314800000	  24.80000
0.003315000000	  24.80000
0.003315200000	  24.00000
0.003315400000	  23.20000
0.003315600000	  24.00000
0.003315800000	  24.00000
0.003316000000	  23.20000
0.003316200000	  23.20000
0.003316400000	  23.20000
0.003316600000	  23.20000
0.003316800000	  24.00000
0.003317000000	  22.40000
0.003317200000	  23.20000
0.003317400000	  23.20000
0.003317600000	  24.00000
0.003317800000	  24.00000
0.003318000000	  24.00000
0.003318200000	  25.60000
0.003318400000	  24.80000
0.003318600000	  25.60000
0.003318800000	  25.60000
0.003319000000	  25.60000
0.003319200000	  25.60000
0.003319400000	  25.60000
0.003319600000	  26.40000
0.003319800000	  27.20000
0.003320000000	  27.20000
0.003320200000	  28.00000
0.003320400000	  27.20000
0.003320600000	  27.20000
0.003320800000	  28.80000
0.003321000000	  28.80000
0.003321200000	  28.80000
0.003321400000	  30.40000
0.003321600000	  31.20000
0.003321800000	  31.20000
0.003322000000	  31.20000
0.003322200000	  31.20000
0.003322400000	  32.00000
0.003322600000	  32.00000
0.003322800000	  33.60000
0.003323000000	  34.40000
0.003323200000	  35.20000
0.003323400000	  34.40000
0.003323600000	  36.00000
0.003323800000	  36.00000
0.003324000000	  36.80000
0.003324200000	  36.80000
0.003324400000	  38.40000
0.003324600000	  39.20000
0.003324800000	  39.20000
0.003325000000	  41.60000
0.003325200000	  40.80000
0.003325400000	  41.60000
0.003325600000	  41.60000
0.003325800000	  42.40000
0.003326000000	  43.20000
0.003326200000	  43.20000
0.003326400000	  44.80000
0.003326600000	  44.80000
0.003326800000	  44.80000
0.003327000000	  46.40000
0.003327200000	  46.40000
0.003327400000	  47.20000
0.003327600000	  48.00000
0.003327800000	  48.00000
0.003328000000	  49.60000
0.003328200000	  48.80000
0.003328400000	  50.40000
0.003328600000	  50.40000
0.003328800000	  51.20000
0.003329000000	  52.00000
0.003329200000	  52.00000
0.003329400000	  52.00000
0.003329600000	  53.60000
0.003329800000	  53.60000
0.003330000000	  54.40000
0.003330200000	  54.40000
0.003330400000	  53.60000
0.003330600000	  56.00000
0.003330800000	  56.00000
0.003331000000	  56.80000
0.003331200000	  57.60000
0.003331400000	  57.60000
0.003331600000	  56.80000
0.003331800000	  57.60000
0.003332000000	  58.40000
0.003332200000	  58.40000
0.003332400000	  58.40000
0.003332600000	  59.20000
0.003332800000	  58.40000
0.003333000000	  60.00000
0.003333200000	  59.20000
0.003333400000	  60.00000
0.003333600000	  60.80000
0.003333800000	  60.00000
0.003334000000	  60.00000
0.003334200000	  60.80000
0.003334400000	  60.80000
0.003334600000	  61.60000
0.003334800000	  60.80000
0.003335000000	  60.80000
0.003335200000	  60.80000
0.003335400000	  60.80000
0.003335600000	  62.40000
0.003335800000	  60.80000
0.003336000000	  60.80000
0.003336200000	  60.00000
0.003336400000	  60.80000
0.003336600000	  60.00000
0.003336800000	  59.20000
0.003337000000	  60.00000
0.003337200000	  59.20000
0.003337400000	  59.20000
0.003337600000	  60.00000
0.003337800000	  59.20000
0.003338000000	  59.20000
0.003338200000	  57.60000
0.003338400000	  58.40000
0.003338600000	  57.60000
0.003338800000	  58.40000
0.003339000000	  57.60000
0.003339200000	  56.80000
0.003339400000	  56.00000
0.003339600000	  56.80000
0.003339800000	  56.00000
0.003340000000	  55.20000
0.003340200000	  54.40000
0.003340400000	  55.20000
0.003340600000	  53.60000
0.003340800000	  54.40000
0.003341000000	  52.80000
0.003341200000	  52.80000
0.003341400000	  52.80000
0.003341600000	  52.00000
0.003341800000	  51.20000
0.003342000000	  51.20000
0.003342200000	  49.60000
0.003342400000	  48.80000
0.003342600000	  48.80000
0.003342800000	  48.80000
0.003343000000	  48.00000
0.003343200000	  48.80000
0.003343400000	  46.40000
0.003343600000	  46.40000
0.003343800000	  46.40000
0.003344000000	  45.60000
0.003344200000	  44.80000
0.003344400000	  44.00000
0.003344600000	  43.20000
0.003344800000	  44.00000
0.003345000000	  41.60000
0.003345200000	  42.40000
0.003345400000	  41.60000
0.003345600000	  40.80000
0.003345800000	  40.80000
0.003346000000	  39.20000
0.003346200000	  38.40000
0.003346400000	  38.40000
0.003346600000	  38.40000
0.003346800000	  36.80000
0.003347000000	  36.80000
0.003347200000	  36.80000
0.003347400000	  36.00000
0.003347600000	  34.40000
0.003347800000	  35.20000
0.003348000000	  35.20000
0.003348200000	  34.40000
0.003348400000	  33.60000
0.003348600000	  32.80000
0.003348800000	  32.00000
0.003349000000	  32.00000
0.003349200000	  31.20000
0.003349400000	  32.00000
0.003349600000	  31.20000
0.003349800000	  30.40000
0.003350000000	  30.40000
0.003350200000	  29.60000
0.003350400000	  29.60000
0.003350600000	  29.60000
0.003350800000	  28.80000
0.003351000000	  28.80000
0.003351200000	  28.00000
0.003351400000	  27.20000
0.003351600000	  28.00000
0.003351800000	  27.20000
0.003352000000	  26.40000
0.003352200000	  26.40000
0.003352400000	  26.40000
0.003352600000	  26.40000
0.003352800000	  26.40000
0.003353000000	  26.40000
0.003353200000	  25.60000
0.003353400000	  25.60000
0.003353600000	  25.60000
0.003353800000	  25.60000
0.003354000000	  26.40000
0.003354200000	  26.40000
0.003354400000	  26.40000
0.003354600000	  26.40000
0.003354800000	  26.40000
0.003355000000	  25.60000
0.003355200000	  26.40000
0.003355400000	  27.20000
0.003355600000	  27.20000
0.003355800000	  26.40000
0.003356000000	  26.40000
0.003356200000	  27.20000
0.003356400000	  27.20000
0.003356600000	  27.20000
0.003356800000	  27.20000
0.003357000000	  27.20000
0.003357200000	  29.60000
0.003357400000	  28.00000
0.003357600000	  28.80000
0.003357800000	  28.80000
0.003358000000	  29.60000
0.003358200000	  29.60000
0.003358400000	  30.40000
0.003358600000	  30.40000
0.003358800000	  30.40000
0.003359000000	  31.20000
0.003359200000	  31.20000
0.003359400000	  31.20000
0.003359600000	  32.00000
0.003359800000	  32.80000
0.003360000000	  32.80000
0.003360200000	  33.60000
0.003360400000	  34.40000
0.003360600000	  35.20000
0.003360800000	  35.20000
0.003361000000	  34.40000
0.003361200000	  36.00000
0.003361400000	  36.80000
0.003361600000	  36.80000
0.003361800000	  38.40000
0.003362000000	  38.40000
0.003362200000	  38.40000
0.003362400000	  40.00000
0.003362600000	  39.20000
0.003362800000	  40.00000
0.003363000000	  40.00000
0.003363200000	  40.80000
0.003363400000	  41.60000
0.003363600000	  43.20000
0.003363800000	  43.20000
0.003364000000	  43.20000
0.003364200000	  43.20000
0.003364400000	  44.00000
0.003364600000	  45.60000
0.003364800000	  44.80000
0.003365000000	  45.60000
0.003365200000	  47.20000
0.003365400000	  47.20000
0.003365600000	  48.00000
0.003365800000	  47.20000
0.003366000000	  48.80000
0.003366200000	  48.80000
0.003366400000	  49.60000
0.003366600000	  49.60000
0.003366800000	  49.60000
0.003367000000	  52.00000
0.003367200000	  51.20000
0.003367400000	  51.20000
0.003367600000	  52.00000
0.003367800000	  52.80000
0.003368000000	  52.80000
0.003368200000	  53.60000
0.003368400000	  53.60000
0.003368600000	  53.60000
0.003368800000	  54.40000
0.003369000000	  55.20000
0.003369200000	  56.00000
0.003369400000	  56.00000
0.003369600000	  56.00000
0.003369800000	  56.00000
0.003370000000	  56.00000
0.003370200000	  56.00000
0.003370400000	  56.80000
0.003370600000	  56.80000
0.003370800000	  57.60000
0.003371000000	  56.80000
0.003371200000	  56.80000
0.003371400000	  58.40000
0.003371600000	  57.60000
0.003371800000	  58.40000
0.003372000000	  58.40000
0.003372200000	  58.40000
0.003372400000	  57.60000
0.003372600000	  58.40000
0.003372800000	  58.40000
0.003373000000	  57.60000
0.003373200000	  58.40000
0.003373400000	  58.40000
0.003373600000	  58.40000
0.003373800000	  58.40000
0.003374000000	  58.40000
0.003374200000	  57.60000
0.003374400000	  58.40000
0.003374600000	  56.80000
0.003374800000	  57.60000
0.003375000000	  57.60000
0.003375200000	  57.60000
0.003375400000	  56.80000
0.003375600000	  56.00000
0.003375800000	  56.00000
0.003376000000	  56.80000
0.003376200000	  56.00000
0.003376400000	  56.00000
0.003376600000	  55.20000
0.003376800000	  55.20000
0.003377000000	  55.20000
0.003377200000	  54.40000
0.003377400000	  53.60000
0.003377600000	  54.40000
0.003377800000	  53.60000
0.003378000000	  54.40000
0.003378200000	  52.80000
0.003378400000	  52.80000
0.003378600000	  52.80000
0.003378800000	  52.00000
0.003379000000	  50.40000
0.003379200000	  51.20000
0.003379400000	  50.40000
0.003379600000	  50.40000
0.003379800000	  50.40000
0.003380000000	  49.60000
0.003380200000	  48.80000
0.003380400000	  48.80000
0.003380600000	  48.00000
0.003380800000	  47.20000
0.003381000000	  47.20000
0.003381200000	  46.40000
0.003381400000	  46.40000
0.003381600000	  46.40000
0.003381800000	  44.80000
0.003382000000	  44.80000
0.003382200000	  44.00000
0.003382400000	  43.20000
0.003382600000	  43.20000
0.003382800000	  43.20000
0.003383000000	  41.60000
0.003383200000	  41.60000
0.003383400000	  40.00000
0.003383600000	  41.60000
0.003383800000	  40.00000
0.003384000000	  38.40000
0.003384200000	  39.20000
0.003384400000	  38.40000
0.003384600000	  38.40000
0.003384800000	  37.60000
0.003385000000	  36.80000
0.003385200000	  36.80000
0.003385400000	  36.00000
0.003385600000	  35.20000
0.003385800000	  35.20000
0.003386000000	  35.20000
0.003386200000	  35.20000
0.003386400000	  33.60000
0.003386600000	  33.60000
0.003386800000	  34.40000
0.003387000000	  33.60000
0.003387200000	  32.80000
0.003387400000	  32.00000
0.003387600000	  32.80000
0.003387800000	  32.00000
0.003388000000	  32.00000
0.003388200000	  31.20000
0.003388400000	  31.20000
0.003388600000	  30.40000
0.003388800000	  29.60000
0.003389000000	  30.40000
0.003389200000	  30.40000
0.003389400000	  30.40000
0.003389600000	  28.80000
0.003389800000	  29.60000
0.003390000000	  29.60000
0.003390200000	  29.60000
0.003390400000	  29.60000
0.003390600000	  28.80000
0.003390800000	  28.80000
0.003391000000	  28.80000
0.003391200000	  29.60000
0.003391400000	  28.80000
0.003391600000	  28.80000
0.003391800000	  28.80000
0.003392000000	  28.00000
0.003392200000	  28.00000
0.003392400000	  28.80000
0.003392600000	  28.00000
0.003392800000	  28.00000
0.003393000000	  28.00000
0.003393200000	  28.00000
0.003393400000	  28.80000
0.003393600000	  28.80000
0.003393800000	  29.60000
0.003394000000	  29.60000
0.003394200000	  29.60000
0.003394400000	  29.60000
0.003394600000	  29.60000
0.003394800000	  29.60000
0.003395000000	  29.60000
0.003395200000	  29.60000
0.003395400000	  29.60000
0.003395600000	  30.40000
0.003395800000	  31.20000
0.003396000000	  30.40000
0.003396200000	  31.20000
0.003396400000	  30.40000
0.003396600000	  31.20000
0.003396800000	  33.60000
0.003397000000	  32.80000
0.003397200000	  33.60000
0.003397400000	  34.40000
0.003397600000	  34.40000
0.003397800000	  34.40000
0.003398000000	  35.20000
0.003398200000	  35.20000
0.003398400000	  35.20000
0.003398600000	  36.00000
0.003398800000	  36.00000
0.003399000000	  36.80000
0.003399200000	  36.80000
0.003399400000	  38.40000
0.003399600000	  37.60000
0.003399800000	  37.60000
0.003400000000	  38.40000
0.003400200000	  40.00000
0.003400400000	  40.00000
0.003400600000	  40.80000
0.003400800000	  40.80000
0.003401000000	  41.60000
0.003401200000	  41.60000
0.003401400000	  41.60000
0.003401600000	  42.40000
0.003401800000	  41.60000
0.003402000000	  44.00000
0.003402200000	  44.00000
0.003402400000	  44.80000
0.003402600000	  44.80000
0.003402800000	  44.80000
0.003403000000	  45.60000
0.003403200000	  46.40000
0.003403400000	  45.60000
0.003403600000	  47.20000
0.003403800000	  47.20000
0.003404000000	  48.80000
0.003404200000	  48.80000
0.003404400000	  48.00000
0.003404600000	  48.80000
0.003404800000	  48.80000
0.003405000000	  50.40000
0.003405200000	  50.40000
0.003405400000	  50.40000
0.003405600000	  51.20000
0.003405800000	  52.00000
0.003406000000	  52.00000
0.003406200000	  51.20000
0.003406400000	  52.00000
0.003406600000	  52.80000
0.003406800000	  52.80000
0.003407000000	  53.60000
0.003407200000	  53.60000
0.003407400000	  53.60000
0.003407600000	  53.60000
0.003407800000	  53.60000
0.003408000000	  53.60000
0.003408200000	  55.20000
0.003408400000	  55.20000
0.003408600000	  54.40000
0.003408800000	  56.00000
0.003409000000	  56.00000
0.003409200000	  55.20000
0.003409400000	  54.40000
0.003409600000	  55.20000
0.003409800000	  56.00000
0.003410000000	  56.00000
0.003410200000	  55.20000
0.003410400000	  56.00000
0.003410600000	  55.20000
0.003410800000	  56.00000
0.003411000000	  56.80000
0.003411200000	  56.80000
0.003411400000	  56.00000
0.003411600000	  56.00000
0.003411800000	  55.20000
0.003412000000	  54.40000
0.003412200000	  55.20000
0.003412400000	  55.20000
0.003412600000	  54.40000
0.003412800000	  55.20000
0.003413000000	  54.40000
0.003413200000	  55.20000
0.003413400000	  55.20000
0.003413600000	  54.40000
0.003413800000	  54.40000
0.003414000000	  55.20000
0.003414200000	  55.20000
0.003414400000	  53.60000
0.003414600000	  53.60000
0.003414800000	  53.60000
0.003415000000	  53.60000
0.003415200000	  52.00000
0.003415400000	  52.80000
0.003415600000	  52.80000
0.003415800000	  52.80000
0.003416000000	  51.20000
0.003416200000	  51.20000
0.003416400000	  51.20000
0.003416600000	  51.20000
0.003416800000	  51.20000
0.003417000000	  50.40000
0.003417200000	  50.40000
0.003417400000	  48.80000
0.003417600000	  48.80000
0.003417800000	  48.00000
0.003418000000	  48.00000
0.003418200000	  48.00000
0.003418400000	  48.00000
0.003418600000	  47.20000
0.003418800000	  47.20000
0.003419000000	  45.60000
0.003419200000	  45.60000
0.003419400000	  44.80000
0.003419600000	  44.00000
0.003419800000	  44.00000
0.003420000000	  44.80000
0.003420200000	  43.20000
0.003420400000	  43.20000
0.003420600000	  43.20000
0.003420800000	  42.40000
0.003421000000	  41.60000
0.003421200000	  40.80000
0.003421400000	  40.80000
0.003421600000	  40.80000
0.003421800000	  40.00000
0.003422000000	  40.00000
0.003422200000	  40.00000
0.003422400000	  39.20000
0.003422600000	  38.40000
0.003422800000	  37.60000
0.003423000000	  38.40000
0.003423200000	  36.80000
0.003423400000	  37.60000
0.003423600000	  36.80000
0.003423800000	  35.20000
0.003424000000	  36.80000
0.003424200000	  36.00000
0.003424400000	  36.00000
0.003424600000	  35.20000
0.003424800000	  35.20000
0.003425000000	  34.40000
0.003425200000	  33.60000
0.003425400000	  33.60000
0.003425600000	  34.40000
0.003425800000	  33.60000
0.003426000000	  32.80000
0.003426200000	  32.80000
0.003426400000	  32.80000
0.003426600000	  32.80000
0.003426800000	  31.20000
0.003427000000	  31.20000
0.003427200000	  32.00000
0.003427400000	  30.40000
0.003427600000	  32.00000
0.003427800000	  30.40000
0.003428000000	  31.20000
0.003428200000	  30.40000
0.003428400000	  29.60000
0.003428600000	  31.20000
0.003428800000	  30.40000
0.003429000000	  30.40000
0.003429200000	  30.40000
0.003429400000	  30.40000
0.003429600000	  30.40000
0.003429800000	  30.40000
0.003430000000	  31.20000
0.003430200000	  30.40000
0.003430400000	  29.60000
0.003430600000	  30.40000
0.003430800000	  31.20000
0.003431000000	  30.40000
0.003431200000	  31.20000
0.003431400000	  31.20000
0.003431600000	  31.20000
0.003431800000	  29.60000
0.003432000000	  31.20000
0.003432200000	  31.20000
0.003432400000	  30.40000
0.003432600000	  31.20000
0.003432800000	  30.40000
0.003433000000	  30.40000
0.003433200000	  32.00000
0.003433400000	  32.00000
0.003433600000	  32.80000
0.003433800000	  33.60000
0.003434000000	  33.60000
0.003434200000	  33.60000
0.003434400000	  33.60000
0.003434600000	  33.60000
0.003434800000	  33.60000
0.003435000000	  35.20000
0.003435200000	  33.60000
0.003435400000	  35.20000
0.003435600000	  35.20000
0.003435800000	  36.00000
0.003436000000	  36.00000
0.003436200000	  36.00000
0.003436400000	  36.80000
0.003436600000	  37.60000
0.003436800000	  37.60000
0.003437000000	  38.40000
0.003437200000	  38.40000
0.003437400000	  38.40000
0.003437600000	  38.40000
0.003437800000	  39.20000
0.003438000000	  40.00000
0.003438200000	  40.00000
0.003438400000	  40.00000
0.003438600000	  40.80000
0.003438800000	  40.80000
0.003439000000	  41.60000
0.003439200000	  42.40000
0.003439400000	  42.40000
0.003439600000	  42.40000
0.003439800000	  43.20000
0.003440000000	  43.20000
0.003440200000	  44.80000
0.003440400000	  44.80000
0.003440600000	  44.00000
0.003440800000	  44.80000
0.003441000000	  45.60000
0.003441200000	  46.40000
0.003441400000	  46.40000
0.003441600000	  47.20000
0.003441800000	  47.20000
0.003442000000	  47.20000
0.003442200000	  47.20000
0.003442400000	  48.00000
0.003442600000	  47.20000
0.003442800000	  48.80000
0.003443000000	  48.80000
0.003443200000	  49.60000
0.003443400000	  49.60000
0.003443600000	  50.40000
0.003443800000	  51.20000
0.003444000000	  49.60000
0.003444200000	  49.60000
0.003444400000	  51.20000
0.003444600000	  51.20000
0.003444800000	  52.00000
0.003445000000	  51.20000
0.003445200000	  52.00000
0.003445400000	  52.00000
0.003445600000	  52.80000
0.003445800000	  52.00000
0.003446000000	  52.80000
0.003446200000	  52.80000
0.003446400000	  52.80000
0.003446600000	  52.80000
0.003446800000	  53.60000
0.003447000000	  53.60000
0.003447200000	  52.80000
0.003447400000	  54.40000
0.003447600000	  53.60000
0.003447800000	  53.60000
0.003448000000	  54.40000
0.003448200000	  53.60000
0.003448400000	  54.40000
0.003448600000	  53.60000
0.003448800000	  54.40000
0.003449000000	  53.60000
0.003449200000	  53.60000
0.003449400000	  54.40000
0.003449600000	  53.60000
0.003449800000	  53.60000
0.003450000000	  53.60000
0.003450200000	  53.60000
0.003450400000	  52.80000
0.003450600000	  53.60000
0.003450800000	  54.40000
0.003451000000	  53.60000
0.003451200000	  53.60000
0.003451400000	  52.80000
0.003451600000	  52.00000
0.003451800000	  52.00000
0.003452000000	  52.80000
0.003452200000	  52.00000
0.003452400000	  52.00000
0.003452600000	  51.20000
0.003452800000	  51.20000
0.003453000000	  52.00000
0.003453200000	  51.20000
0.003453400000	  51.20000
0.003453600000	  51.20000
0.003453800000	  50.40000
0.003454000000	  50.40000
0.003454200000	  49.60000
0.003454400000	  49.60000
0.003454600000	  48.80000
0.003454800000	  49.60000
0.003455000000	  48.00000
0.003455200000	  48.80000
0.003455400000	  47.20000
0.003455600000	  47.20000
0.003455800000	  48.00000
0.003456000000	  47.20000
0.003456200000	  46.40000
0.003456400000	  46.40000
0.003456600000	  45.60000
0.003456800000	  44.80000
0.003457000000	  45.60000
0.003457200000	  45.60000
0.003457400000	  45.60000
0.003457600000	  44.00000
0.003457800000	  44.00000
0.003458000000	  44.00000
0.003458200000	  42.40000
0.003458400000	  42.40000
0.003458600000	  42.40000
0.003458800000	  42.40000
0.003459000000	  40.80000
0.003459200000	  41.60000
0.003459400000	  40.80000
0.003459600000	  40.80000
0.003459800000	  39.20000
0.003460000000	  39.20000
0.003460200000	  40.00000
0.003460400000	  39.20000
0.003460600000	  39.20000
0.003460800000	  39.20000
0.003461000000	  37.60000
0.003461200000	  36.80000
0.003461400000	  37.60000
0.003461600000	  36.80000
0.003461800000	  37.60000
0.003462000000	  36.80000
0.003462200000	  36.00000
0.003462400000	  36.00000
0.003462600000	  36.00000
0.003462800000	  36.00000
0.003463000000	  35.20000
0.003463200000	  35.20000
0.003463400000	  35.20000
0.003463600000	  35.20000
0.003463800000	  34.40000
0.003464000000	  34.40000
0.003464200000	  33.60000
0.003464400000	  33.60000
0.003464600000	  33.60000
0.003464800000	  32.80000
0.003465000000	  32.80000
0.003465200000	  33.60000
0.003465400000	  32.00000
0.003465600000	  31.20000
0.003465800000	  32.00000
0.003466000000	  33.60000
0.003466200000	  32.00000
0.003466400000	  32.00000
0.003466600000	  32.00000
0.003466800000	  32.80000
0.003467000000	  32.00000
0.003467200000	  32.00000
0.003467400000	  32.00000
0.003467600000	  32.80000
0.003467800000	  32.80000
0.003468000000	  32.00000
0.003468200000	  32.80000
0.003468400000	  32.00000
0.003468600000	  32.00000
0.003468800000	  31.20000
0.003469000000	  32.00000
0.003469200000	  32.00000
0.003469400000	  32.00000
0.003469600000	  32.00000
0.003469800000	  33.60000
0.003470000000	  31.20000
0.003470200000	  32.00000
0.003470400000	  32.80000
0.003470600000	  32.80000
0.003470800000	  32.00000
0.003471000000	  33.60000
0.003471200000	  32.80000
0.003471400000	  32.00000
0.003471600000	  32.80000
0.003471800000	  33.60000
0.003472000000	  34.40000
0.003472200000	  34.40000
0.003472400000	  33.60000
0.003472600000	  34.40000
0.003472800000	  35.20000
0.003473000000	  35.20000
0.003473200000	  36.00000
0.003473400000	  35.20000
0.003473600000	  36.80000
0.003473800000	  36.00000
0.003474000000	  36.80000
0.003474200000	  37.60000
0.003474400000	  37.60000
0.003474600000	  37.60000
0.003474800000	  36.00000
0.003475000000	  38.40000
0.003475200000	  37.60000
0.003475400000	  39.20000
0.003475600000	  39.20000
0.003475800000	  39.20000
0.003476000000	  40.80000
0.003476200000	  39.20000
0.003476400000	  39.20000
0.003476600000	  40.00000
0.003476800000	  38.40000
0.003477000000	  40.00000
0.003477200000	  39.20000
0.003477400000	  38.40000
0.003477600000	  39.20000
0.003477800000	  38.40000
0.003478000000	  38.40000
0.003478200000	  36.80000
0.003478400000	  36.00000
0.003478600000	  36.80000
0.003478800000	  34.40000
0.003479000000	  33.60000
0.003479200000	  32.00000
0.003479400000	  32.00000
0.003479600000	  29.60000
0.003479800000	  28.80000
0.003480000000	  27.20000
0.003480200000	  26.40000
0.003480400000	  24.00000
0.003480600000	  24.00000
0.003480800000	  21.60000
0.003481000000	  20.00000
0.003481200000	  17.60000
0.003481400000	  16.00000
0.003481600000	  15.20000
0.003481800000	  12.00000
0.003482000000	   9.60000
0.003482200000	   8.00000
0.003482400000	   5.60000
0.003482600000	   4.00000
0.003482800000	   1.60000
0.003483000000	  -1.60000
0.003483200000	  -2.40000
0.003483400000	  -4.80000
0.003483600000	  -8.00000
0.003483800000	 -11.20000
0.003484000000	 -12.80000
0.003484200000	 -15.20000
0.003484400000	 -16.80000
0.003484600000	 -20.80000
0.003484800000	 -22.40000
0.003485000000	 -25.60000
0.003485200000	 -28.80000
0.003485400000	 -29.60000
0.003485600000	 -32.80000
0.003485800000	 -36.00000
0.003486000000	 -38.40000
0.003486200000	 -40.00000
0.003486400000	 -43.20000
0.003486600000	 -45.60000
0.003486800000	 -48.00000
0.003487000000	 -51.20000
0.003487200000	 -54.40000
0.003487400000	 -57.60000
0.003487600000	 -58.40000
0.003487800000	 -59.20000
0.003488000000	 -59.20000
0.003488200000	 -59.20000
0.003488400000	 -59.20000
0.003488600000	 -59.20000
0.003488800000	 -59.20000
0.003489000000	 -59.20000
0.003489200000	 -59.20000
0.003489400000	 -59.20000
0.003489600000	 -59.20000
0.003489800000	 -59.20000

