1.003230287010990849e-03 5.601026549276700984e-06
9.007754022258323201e-04 3.454755390375492359e-06
8.110653092475512060e-04 6.649179296013892267e-06
7.290020913533967143e-04 2.267904513589804379e-06
6.693498450261412555e-04 2.202083259299239375e-06
6.173444737830123107e-04 4.032652993955595043e-06
5.815597466577274470e-04 3.501458535680389691e-06
5.375984907628355604e-04 1.892654008285938131e-06
4.990330817887774287e-04 1.639937450591333044e-06
4.705310928388511883e-04 1.496222261167844379e-06
