# Abmessungen der Puppe

# Armdurchmesser links/rechts /cm  Rumpfdurchmesser /cm  Beindurchmesser a/b /cm    Kopfdurchmesser /cm

1.7	1.5			3.9				1.6	1.6		3.0
1.3	1.4			3.6				1.7	2.1		3.0
1.6	1.6			2.6				2.0	1.8		3.1
1.0	1.2			3.9				1.2	1.6		3.1
1.4	1.1			4.1				1.7	1.1		3.0
0.9	1.4			3.5				1.4	1.5		3.1
1.6	1.3			3.7				1.3	1.3		3.0
1.5	1.1			3.5				1.9	1.0		3.1
1.6	0.9			3.6				1.5	1.7		3.0
1.7	1.4			3.2				1.3	1.6		3.1

# Armhöhe links/rechts /mm 	Rumpfhöhe /cm		Beinlänge a/b /cm

14.1	14.0			9.9				15.00	15.5
14.2	14.1		       10.0				14.90	15.4
14.0	14.0			9.9				15.00	15.4
13.9	14.1			9.9				15.00	15.6
14.0	13.9			9.9				14.90	15.6
13.8	14.1		       10.0				14.90	15.6
13.9	14.0			9.8				15.00	15.3
14.1	14.1			9.9				14.90	15.4
13.8	14.1			9.7				15.00	15.6
13.9	14.2			9.8				15.00	15.6
